2015.316440	0.007265	0.006934	-0.002272	0.000412	0.000338	0.000571
2015.319180	0.006641	0.006339	-0.002077	0.000386	0.000319	0.000523
2015.321920	0.007125	0.006800	-0.002228	0.000406	0.000333	0.000560
2015.324660	0.006429	0.006136	-0.002010	0.000377	0.000313	0.000506
2015.327400	0.006976	0.006658	-0.002181	0.000402	0.000330	0.000549
2015.330140	0.006559	0.006261	-0.002051	0.000384	0.000317	0.000517
2015.332880	0.005997	0.005724	-0.001875	0.000361	0.000301	0.000473
2015.335620	0.005731	0.005470	-0.001792	0.000350	0.000294	0.000452
2015.338360	0.005059	0.004829	-0.001582	0.000719	0.000671	0.000451
2015.341100	0.004995	0.004768	-0.001562	0.000718	0.000671	0.000446
2015.343840	0.006073	0.005797	-0.001899	0.000737	0.000683	0.000522
2015.346580	0.005184	0.004948	-0.001621	0.000330	0.000280	0.000410
2015.349320	0.005272	0.005031	-0.001648	0.000334	0.000283	0.000417
2015.352050	0.005144	0.004910	-0.001608	0.000326	0.000276	0.000407
2015.354790	0.005118	0.004885	-0.001600	0.000326	0.000277	0.000405
2015.357530	0.004990	0.004762	-0.001560	0.000311	0.000262	0.000394
2015.360270	0.005366	0.005121	-0.001678	0.000286	0.000229	0.000421
2015.363010	0.005470	0.005221	-0.001710	0.000280	0.000219	0.000428
2015.365750	0.004802	0.004583	-0.001501	0.000246	0.000193	0.000376
2015.368490	0.004878	0.004655	-0.001525	0.000248	0.000194	0.000381
2015.371230	0.004601	0.004391	-0.001439	0.000235	0.000184	0.000360
2015.373970	0.004618	0.004408	-0.001444	0.000235	0.000184	0.000361
2015.376710	0.004642	0.004431	-0.001452	0.000237	0.000185	0.000363
2015.379450	0.004540	0.004334	-0.001420	0.000232	0.000182	0.000355
2015.382190	0.004433	0.004232	-0.001386	0.000227	0.000178	0.000347
2015.384930	0.004082	0.003896	-0.001276	0.000210	0.000165	0.000319
2015.387670	0.004061	0.003876	-0.001270	0.000208	0.000164	0.000318
2015.390410	0.003830	0.003656	-0.001198	0.000198	0.000156	0.000300
2015.393150	0.004143	0.003955	-0.001296	0.000212	0.000167	0.000324
2015.395890	0.004253	0.004059	-0.001330	0.000217	0.000170	0.000333
2015.398630	0.003876	0.003699	-0.001212	0.000200	0.000157	0.000303
2015.401370	0.003685	0.003517	-0.001152	0.000191	0.000150	0.000288
2015.404110	0.004040	0.003856	-0.001263	0.000207	0.000163	0.000316
2015.406850	0.004174	0.003984	-0.001305	0.000214	0.000168	0.000327
2015.409590	0.004067	0.003882	-0.001272	0.000209	0.000164	0.000318
2015.412330	0.003970	0.003789	-0.001241	0.000204	0.000160	0.000311
2015.415070	0.003919	0.003741	-0.001226	0.000202	0.000159	0.000307
2015.417810	0.003982	0.003801	-0.001245	0.000204	0.000160	0.000312
2015.420550	0.003865	0.003689	-0.001208	0.000199	0.000156	0.000302
2015.423290	0.004165	0.003975	-0.001302	0.000213	0.000167	0.000326
2015.426030	0.002965	0.002830	-0.000927	0.000159	0.000127	0.000232
2015.428770	0.003347	0.003195	-0.001047	0.000175	0.000139	0.000262
2015.431510	0.003201	0.003055	-0.001001	0.000168	0.000134	0.000251
2015.434250	0.003138	0.002995	-0.000981	0.000165	0.000131	0.000246
2015.436990	0.003105	0.002964	-0.000971	0.000163	0.000130	0.000243
2015.439730	0.003669	0.003502	-0.001147	0.000189	0.000149	0.000287
2015.442470	0.003674	0.003507	-0.001149	0.000191	0.000150	0.000288
2015.445210	0.003524	0.003364	-0.001102	0.000184	0.000146	0.000276
2015.447950	0.003958	0.003778	-0.001238	0.000204	0.000160	0.000310
2015.450680	0.003089	0.002948	-0.000966	0.000163	0.000130	0.000242
2015.453420	0.003147	0.003003	-0.000984	0.000165	0.000131	0.000246
2015.456160	0.002848	0.002718	-0.000890	0.000151	0.000121	0.000223
2015.458900	0.003374	0.003220	-0.001055	0.000176	0.000140	0.000264
2015.461640	0.003188	0.003043	-0.000997	0.000168	0.000134	0.000250
2015.464380	0.003233	0.003086	-0.001011	0.000170	0.000135	0.000253
2015.467120	0.002860	0.002730	-0.000894	0.000151	0.000120	0.000224
2015.469860	0.002916	0.002783	-0.000912	0.000154	0.000122	0.000228
2015.472600	0.002563	0.002446	-0.000801	0.000139	0.000112	0.000201
2015.475340	0.003475	0.003317	-0.001087	0.000179	0.000141	0.000272
2015.478080	0.002554	0.002437	-0.000798	0.000137	0.000110	0.000200
2015.480820	0.002827	0.002698	-0.000884	0.000150	0.000120	0.000221
2015.483560	0.002756	0.002631	-0.000862	0.000147	0.000117	0.000216
2015.486300	0.002795	0.002667	-0.000874	0.000148	0.000118	0.000219
2015.489040	0.002557	0.002441	-0.000800	0.000138	0.000111	0.000201
2015.491780	0.002804	0.002677	-0.000877	0.000149	0.000119	0.000220
2015.494520	0.002436	0.002325	-0.000762	0.000133	0.000107	0.000191
2015.497260	0.003130	0.002987	-0.000979	0.000164	0.000130	0.000245
2015.500000	0.002904	0.002772	-0.000908	0.000153	0.000122	0.000227
2015.502740	0.002732	0.002608	-0.000854	0.000145	0.000116	0.000214
2015.505480	0.002621	0.002502	-0.000820	0.000142	0.000115	0.000206
2015.508220	0.002524	0.002409	-0.000789	0.000136	0.000109	0.000198
2015.510960	0.002667	0.002546	-0.000834	0.000143	0.000114	0.000209
2015.513700	0.002588	0.002471	-0.000809	0.000143	0.000116	0.000203
2015.516440	0.002415	0.002305	-0.000755	0.000131	0.000106	0.000189
2015.519180	0.002142	0.002044	-0.000670	0.000122	0.000100	0.000168
2015.521920	0.001878	0.001793	-0.000587	0.000111	0.000092	0.000148
2015.524660	0.002152	0.002054	-0.000673	0.000120	0.000098	0.000169
2015.527400	0.002224	0.002123	-0.000696	0.000123	0.000100	0.000175
2015.530140	0.002263	0.002160	-0.000708	0.000125	0.000101	0.000178
2015.532880	0.002486	0.002373	-0.000777	0.000135	0.000109	0.000195
2015.535620	0.002172	0.002073	-0.000679	0.000125	0.000103	0.000171
2015.538360	0.001923	0.001835	-0.000601	0.000111	0.000091	0.000151
2015.541100	0.002266	0.002162	-0.000708	0.000125	0.000102	0.000178
2015.543840	0.002150	0.002052	-0.000672	0.000120	0.000098	0.000169
2015.546580	0.001846	0.001762	-0.000577	0.000107	0.000088	0.000145
2015.549320	0.001666	0.001590	-0.000521	0.000100	0.000083	0.000131
2015.552050	0.002325	0.002220	-0.000727	0.000127	0.000103	0.000182
2015.554790	0.001689	0.001612	-0.000528	0.000100	0.000084	0.000133
2015.557530	0.001815	0.001733	-0.000568	0.000106	0.000087	0.000143
2015.560270	0.001925	0.001838	-0.000602	0.000114	0.000095	0.000152
2015.563010	0.001543	0.001473	-0.000483	0.000098	0.000083	0.000122
2015.565750	0.001392	0.001328	-0.000435	0.000089	0.000075	0.000110
2015.568490	0.001682	0.001606	-0.000526	0.000100	0.000083	0.000133
2015.571230	0.001763	0.001682	-0.000551	0.000104	0.000086	0.000139
2015.573970	0.001678	0.001601	-0.000525	0.000101	0.000084	0.000132
2015.576710	0.001298	0.001239	-0.000406	0.000086	0.000074	0.000103
2015.579450	0.001815	0.001732	-0.000567	0.000106	0.000088	0.000143
2015.582190	0.001504	0.001435	-0.000470	0.000094	0.000079	0.000119
2015.584930	0.001542	0.001472	-0.000482	0.000103	0.000088	0.000122
2015.587670	0.001354	0.001293	-0.000423	0.000089	0.000076	0.000107
2015.590410	0.001413	0.001348	-0.000442	0.000096	0.000083	0.000112
2015.593150	0.001104	0.001054	-0.000345	0.000079	0.000069	0.000088
2015.595890	0.001407	0.001343	-0.000440	0.000092	0.000078	0.000112
2015.598630	0.001458	0.001391	-0.000456	0.000092	0.000078	0.000115
2015.601370	0.001401	0.001338	-0.000438	0.000090	0.000077	0.000111
2015.604110	0.001890	0.001804	-0.000591	0.000109	0.000090	0.000149
2015.606850	0.001434	0.001369	-0.000448	0.000091	0.000077	0.000114
2015.609590	0.001184	0.001130	-0.000370	0.000083	0.000072	0.000094
2015.612330	0.001417	0.001353	-0.000443	0.000091	0.000078	0.000112
2015.615070	0.001633	0.001559	-0.000511	0.000099	0.000083	0.000129
2015.617810	0.001080	0.001031	-0.000338	0.000079	0.000069	0.000086
2015.620550	0.001240	0.001183	-0.000388	0.000084	0.000072	0.000099
2015.623290	0.001523	0.001454	-0.000476	0.000096	0.000081	0.000120
2015.626030	0.001460	0.001394	-0.000457	0.000094	0.000080	0.000116
2015.628770	0.001373	0.001311	-0.000429	0.000090	0.000077	0.000109
2015.631510	0.001453	0.001386	-0.000454	0.000095	0.000081	0.000115
2015.634250	0.001315	0.001255	-0.000411	0.000088	0.000076	0.000105
2015.636990	0.001142	0.001090	-0.000357	0.000082	0.000072	0.000091
2015.639730	0.001275	0.001217	-0.000399	0.000090	0.000078	0.000102
2015.642470	0.000563	0.000538	-0.000176	0.000067	0.000062	0.000048
2015.645210	0.001293	0.001234	-0.000404	0.000088	0.000076	0.000103
2015.647950	0.000834	0.000796	-0.000261	0.000073	0.000066	0.000068
2015.650680	0.001093	0.001043	-0.000342	0.000081	0.000071	0.000088
2015.653420	0.001521	0.001451	-0.000475	0.000096	0.000081	0.000120
2015.656160	0.001386	0.001323	-0.000434	0.000091	0.000078	0.000110
2015.658900	0.001062	0.001014	-0.000332	0.000080	0.000070	0.000085
2015.661640	0.001263	0.001206	-0.000395	0.000087	0.000075	0.000101
2015.664380	0.000809	0.000772	-0.000253	0.000072	0.000065	0.000066
2015.667120	0.000943	0.000900	-0.000295	0.000076	0.000068	0.000076
2015.669860	0.000827	0.000789	-0.000259	0.000073	0.000066	0.000067
2015.672600	0.001052	0.001004	-0.000329	0.000080	0.000070	0.000084
2015.675340	0.000971	0.000926	-0.000303	0.000077	0.000068	0.000078
2015.678080	0.001036	0.000989	-0.000324	0.000081	0.000072	0.000083
2015.680820	0.000996	0.000950	-0.000311	0.000078	0.000069	0.000080
2015.683560	0.001059	0.001011	-0.000331	0.000080	0.000070	0.000085
2015.686300	0.001051	0.001003	-0.000329	0.000080	0.000070	0.000084
2015.689040	0.001281	0.001223	-0.000401	0.000087	0.000075	0.000102
2015.691780	0.001050	0.001002	-0.000328	0.000079	0.000070	0.000084
2015.694520	0.001066	0.001017	-0.000333	0.000080	0.000070	0.000085
2015.697260	0.001266	0.001208	-0.000396	0.000087	0.000075	0.000101
2015.700000	0.001010	0.000964	-0.000316	0.000078	0.000069	0.000081
2015.702740	0.001037	0.000989	-0.000324	0.000079	0.000070	0.000083
2015.705480	0.000806	0.000769	-0.000252	0.000072	0.000065	0.000066
2015.708220	0.000781	0.000745	-0.000244	0.000072	0.000065	0.000064
2015.710960	0.000878	0.000838	-0.000275	0.000074	0.000067	0.000071
2015.713700	0.000869	0.000830	-0.000272	0.000077	0.000069	0.000071
2015.716440	0.000742	0.000708	-0.000232	0.000071	0.000064	0.000061
2015.719180	0.000014	0.000014	-0.000004	0.000060	0.000058	0.000019
2015.721920	0.000225	0.000215	-0.000070	0.000061	0.000058	0.000026
2015.724660	0.000330	0.000315	-0.000103	0.000065	0.000061	0.000033
2015.727400	0.000220	0.000210	-0.000069	0.000062	0.000059	0.000026
2015.730140	0.000616	0.000588	-0.000193	0.000071	0.000065	0.000052
2015.732880	0.000010	0.000010	-0.000003	0.000063	0.000060	0.000020
2015.735620	-0.000218	-0.000208	0.000068	0.000058	0.000055	0.000025
2015.738360	-0.000147	-0.000140	0.000046	0.000063	0.000060	0.000023
2015.741100	-0.000031	-0.000030	0.000010	0.000057	0.000054	0.000018
2015.743840	0.000751	0.000717	-0.000235	0.000072	0.000066	0.000062
2015.746580	0.000505	0.000482	-0.000158	0.000067	0.000062	0.000044
2015.749320	0.000509	0.000486	-0.000159	0.000067	0.000062	0.000045
2015.752050	0.000289	0.000276	-0.000090	0.000064	0.000060	0.000030
2015.754790	0.000018	0.000017	-0.000006	0.000062	0.000059	0.000020
2015.757530	0.000336	0.000321	-0.000105	0.000064	0.000061	0.000033
2015.760270	-0.000244	-0.000233	0.000076	0.000063	0.000060	0.000028
2015.763010	-0.000093	-0.000088	0.000029	0.000062	0.000059	0.000021
2015.765750	0.000030	0.000029	-0.000009	0.000057	0.000054	0.000018
2015.768490	0.000148	0.000141	-0.000046	0.000057	0.000054	0.000022
2015.771230	0.000092	0.000088	-0.000029	0.000057	0.000054	0.000020
2015.773970	0.000214	0.000205	-0.000067	0.000059	0.000056	0.000025
2015.776710	0.000398	0.000380	-0.000125	0.000061	0.000057	0.000036
2015.779450	0.000151	0.000144	-0.000047	0.000058	0.000055	0.000022
2015.782190	-0.000025	-0.000024	0.000008	0.000058	0.000055	0.000019
2015.784930	0.000210	0.000200	-0.000066	0.000059	0.000056	0.000025
2015.787670	0.000400	0.000381	-0.000125	0.000061	0.000057	0.000036
2015.790410	0.000401	0.000383	-0.000126	0.000061	0.000057	0.000036
2015.793150	0.000250	0.000239	-0.000078	0.000059	0.000056	0.000027
2015.795890	0.000139	0.000132	-0.000043	0.000058	0.000056	0.000022
2015.798630	-0.000079	-0.000075	0.000025	0.000058	0.000055	0.000020
2015.801370	-0.000096	-0.000092	0.000030	0.000058	0.000055	0.000020
2015.804110	-0.000102	-0.000097	0.000032	0.000058	0.000055	0.000020
2015.806850	-0.000433	-0.000414	0.000135	0.000062	0.000058	0.000039
2015.809590	-0.000017	-0.000016	0.000005	0.000058	0.000055	0.000019
2015.812330	-0.000036	-0.000034	0.000011	0.000058	0.000055	0.000019
2015.815070	-0.000184	-0.000176	0.000058	0.000059	0.000056	0.000024
2015.817810	-0.000240	-0.000230	0.000075	0.000059	0.000056	0.000026
2015.820550	-0.000318	-0.000304	0.000099	0.000062	0.000058	0.000031
2015.823290	-0.000206	-0.000197	0.000065	0.000059	0.000056	0.000025
2015.826030	0.000037	0.000036	-0.000012	0.000058	0.000055	0.000019
2015.828770	-0.000264	-0.000252	0.000083	0.000059	0.000056	0.000028
2015.831510	-0.000066	-0.000063	0.000021	0.000058	0.000055	0.000019
2015.834250	-0.000200	-0.000191	0.000062	0.000059	0.000056	0.000024
2015.836990	-0.000536	-0.000512	0.000168	0.000064	0.000059	0.000046
2015.839730	-0.000668	-0.000637	0.000209	0.000066	0.000061	0.000055
2015.842470	-0.000397	-0.000379	0.000124	0.000061	0.000057	0.000036
2015.845210	-0.000495	-0.000472	0.000155	0.000063	0.000058	0.000043
2015.847950	-0.000576	-0.000550	0.000180	0.000066	0.000061	0.000049
2015.850680	-0.000545	-0.000520	0.000170	0.000064	0.000059	0.000046
2015.853420	-0.000362	-0.000345	0.000113	0.000061	0.000057	0.000034
2015.856160	-0.000977	-0.000933	0.000306	0.000075	0.000066	0.000079
2015.858900	-0.001148	-0.001096	0.000359	0.000081	0.000070	0.000092
2015.861640	-0.000600	-0.000572	0.000187	0.000065	0.000060	0.000050
2015.864380	-0.000983	-0.000938	0.000307	0.000075	0.000066	0.000079
2015.867120	-0.000884	-0.000844	0.000276	0.000072	0.000064	0.000071
2015.869860	-0.000959	-0.000915	0.000300	0.000075	0.000066	0.000077
2015.872600	-0.001100	-0.001050	0.000344	0.000083	0.000073	0.000088
2015.875340	-0.000552	-0.000527	0.000173	0.000064	0.000059	0.000047
2015.878080	-0.000662	-0.000632	0.000207	0.000066	0.000061	0.000055
2015.880820	-0.000427	-0.000408	0.000134	0.000062	0.000057	0.000038
2015.883560	-0.000416	-0.000397	0.000130	0.000061	0.000057	0.000037
2015.886300	-0.000522	-0.000498	0.000163	0.000063	0.000059	0.000045
2015.889040	-0.000465	-0.000444	0.000145	0.000062	0.000058	0.000041
2015.891780	-0.000529	-0.000505	0.000165	0.000063	0.000059	0.000045
2015.894520	-0.000072	-0.000069	0.000023	0.000058	0.000055	0.000019
2015.897260	-0.000443	-0.000423	0.000139	0.000062	0.000058	0.000039
2015.900000	-0.000400	-0.000382	0.000125	0.000061	0.000057	0.000036
2015.902740	-0.000437	-0.000417	0.000137	0.000062	0.000058	0.000039
2015.905480	-0.000745	-0.000712	0.000233	0.000068	0.000062	0.000061
2015.908220	-0.000482	-0.000460	0.000151	0.000062	0.000058	0.000042
2015.910960	-0.000526	-0.000502	0.000164	0.000063	0.000059	0.000045
2015.913700	-0.000271	-0.000259	0.000085	0.000059	0.000056	0.000028
2015.916440	-0.000709	-0.000677	0.000222	0.000067	0.000061	0.000058
2015.919180	-0.000497	-0.000474	0.000155	0.000063	0.000058	0.000043
2015.921920	-0.000643	-0.000613	0.000201	0.000066	0.000060	0.000054
2015.924660	-0.000777	-0.000742	0.000243	0.000069	0.000062	0.000063
2015.927400	-0.001069	-0.001021	0.000334	0.000078	0.000068	0.000086
2015.930140	-0.001171	-0.001117	0.000366	0.000081	0.000071	0.000093
2015.932880	-0.001111	-0.001061	0.000347	0.000079	0.000069	0.000089
2015.935620	-0.001186	-0.001132	0.000371	0.000082	0.000071	0.000094
2015.938360	-0.000804	-0.000767	0.000251	0.000070	0.000063	0.000065
2015.941100	-0.001218	-0.001162	0.000381	0.000083	0.000072	0.000097
2015.943840	-0.001113	-0.001062	0.000348	0.000079	0.000069	0.000089
2015.946580	-0.001271	-0.001213	0.000397	0.000085	0.000073	0.000101
2015.949320	-0.001094	-0.001044	0.000342	0.000079	0.000069	0.000087
2015.952050	-0.001128	-0.001076	0.000353	0.000080	0.000070	0.000090
2015.954790	-0.001524	-0.001454	0.000476	0.000094	0.000079	0.000120
2015.957530	-0.001272	-0.001214	0.000398	0.000085	0.000073	0.000101
2015.960270	-0.001464	-0.001397	0.000458	0.000092	0.000078	0.000116
2015.963010	-0.001473	-0.001406	0.000461	0.000092	0.000078	0.000116
2015.965750	-0.001264	-0.001206	0.000395	0.000085	0.000073	0.000100
2015.968490	-0.001205	-0.001150	0.000377	0.000083	0.000071	0.000096
2015.971230	-0.001255	-0.001198	0.000392	0.000084	0.000073	0.000100
2015.973970	-0.001073	-0.001025	0.000336	0.000078	0.000068	0.000086
2015.976710	-0.001404	-0.001340	0.000439	0.000089	0.000076	0.000111
2015.979450	-0.001186	-0.001132	0.000371	0.000082	0.000071	0.000094
2015.982190	-0.001306	-0.001247	0.000408	0.000086	0.000073	0.000104
2015.984930	-0.001232	-0.001175	0.000385	0.000083	0.000072	0.000098
2015.987670	-0.001225	-0.001169	0.000383	0.000083	0.000071	0.000097
2015.990410	-0.000969	-0.000924	0.000303	0.000074	0.000066	0.000078
2015.993150	-0.001530	-0.001460	0.000478	0.000094	0.000079	0.000121
2015.995890	-0.001216	-0.001161	0.000380	0.000083	0.000071	0.000097
2015.998630	-0.000548	-0.000523	0.000171	0.000063	0.000058	0.000047
2016.001370	-0.001220	-0.001164	0.000381	0.000082	0.000071	0.000097
2016.004100	-0.001340	-0.001279	0.000419	0.000087	0.000074	0.000106
2016.006830	-0.001184	-0.001130	0.000370	0.000081	0.000070	0.000094
2016.009560	-0.001166	-0.001113	0.000365	0.000081	0.000070	0.000093
2016.012300	-0.001556	-0.001485	0.000486	0.000095	0.000080	0.000123
2016.015030	-0.001147	-0.001095	0.000359	0.000080	0.000069	0.000091
2016.017760	-0.001180	-0.001126	0.000369	0.000081	0.000070	0.000094
2016.020490	-0.001539	-0.001469	0.000481	0.000094	0.000079	0.000122
2016.023220	-0.001052	-0.001004	0.000329	0.000077	0.000067	0.000084
2016.025960	-0.001043	-0.000995	0.000326	0.000077	0.000067	0.000083
2016.028690	-0.001147	-0.001094	0.000359	0.000080	0.000069	0.000091
2016.031420	-0.001319	-0.001259	0.000412	0.000086	0.000074	0.000105
2016.034150	-0.001228	-0.001172	0.000384	0.000083	0.000071	0.000098
2016.036890	-0.001002	-0.000956	0.000313	0.000075	0.000066	0.000080
2016.039620	-0.001443	-0.001377	0.000451	0.000091	0.000077	0.000114
2016.042350	-0.001200	-0.001145	0.000375	0.000082	0.000071	0.000095
2016.045080	-0.001544	-0.001474	0.000483	0.000095	0.000080	0.000122
2016.047810	-0.001473	-0.001406	0.000460	0.000092	0.000078	0.000116
2016.050550	-0.001258	-0.001201	0.000393	0.000084	0.000072	0.000100
2016.053280	-0.001455	-0.001388	0.000455	0.000094	0.000080	0.000115
2016.056010	-0.001404	-0.001340	0.000439	0.000089	0.000076	0.000111
2016.058740	-0.001715	-0.001637	0.000536	0.000102	0.000084	0.000135
2016.061480	-0.001276	-0.001218	0.000399	0.000085	0.000073	0.000101
2016.064210	-0.001600	-0.001527	0.000500	0.000097	0.000081	0.000126
2016.066940	-0.001726	-0.001648	0.000540	0.000102	0.000085	0.000136
2016.069670	-0.001984	-0.001894	0.000620	0.000113	0.000093	0.000156
2016.072400	-0.001638	-0.001564	0.000512	0.000099	0.000083	0.000129
2016.075140	-0.001902	-0.001816	0.000595	0.000110	0.000090	0.000150
2016.077870	-0.001786	-0.001705	0.000558	0.000105	0.000087	0.000141
2016.080600	-0.001605	-0.001532	0.000502	0.000097	0.000081	0.000127
2016.083330	-0.001835	-0.001751	0.000574	0.000106	0.000088	0.000144
2016.086070	-0.001956	-0.001867	0.000612	0.000112	0.000092	0.000154
2016.088800	-0.001998	-0.001907	0.000625	0.000113	0.000093	0.000157
2016.091530	-0.001761	-0.001681	0.000551	0.000104	0.000086	0.000139
2016.094260	-0.001858	-0.001774	0.000581	0.000107	0.000088	0.000146
2016.096990	-0.001735	-0.001656	0.000543	0.000102	0.000085	0.000137
2016.099730	-0.001659	-0.001583	0.000519	0.000099	0.000083	0.000131
2016.102460	-0.002174	-0.002075	0.000680	0.000121	0.000099	0.000171
2016.105190	-0.001854	-0.001770	0.000580	0.000107	0.000088	0.000146
2016.107920	-0.001875	-0.001790	0.000586	0.000108	0.000089	0.000148
2016.110660	-0.002161	-0.002062	0.000676	0.000120	0.000098	0.000170
2016.113390	-0.001897	-0.001810	0.000593	0.000109	0.000090	0.000149
2016.116120	-0.002289	-0.002185	0.000716	0.000126	0.000102	0.000180
2016.118850	-0.002018	-0.001926	0.000631	0.000114	0.000093	0.000159
2016.121580	-0.001999	-0.001908	0.000625	0.000113	0.000093	0.000157
2016.124320	-0.001883	-0.001798	0.000589	0.000108	0.000089	0.000148
2016.127050	-0.001953	-0.001864	0.000611	0.000111	0.000091	0.000154
2016.129780	-0.001926	-0.001838	0.000602	0.000110	0.000090	0.000151
2016.132510	-0.001844	-0.001760	0.000577	0.000107	0.000088	0.000145
2016.135250	-0.001365	-0.001303	0.000427	0.000088	0.000075	0.000108
2016.137980	-0.002016	-0.001925	0.000630	0.000114	0.000094	0.000159
2016.140710	-0.001977	-0.001887	0.000618	0.000113	0.000092	0.000156
2016.143440	-0.002149	-0.002051	0.000672	0.000122	0.000099	0.000169
2016.146170	-0.001619	-0.001546	0.000506	0.000100	0.000084	0.000128
2016.148910	-0.001312	-0.001252	0.000410	0.000089	0.000076	0.000104
2016.151640	-0.002079	-0.001985	0.000650	0.000118	0.000097	0.000163
2016.154370	-0.002007	-0.001916	0.000628	0.000116	0.000095	0.000158
2016.157100	-0.001919	-0.001832	0.000600	0.000112	0.000093	0.000151
2016.159840	-0.002211	-0.002110	0.000691	0.000124	0.000101	0.000174
2016.162570	-0.001854	-0.001769	0.000580	0.000109	0.000090	0.000146
2016.165300	-0.002410	-0.002300	0.000754	0.000132	0.000107	0.000189
2016.168030	-0.002180	-0.002081	0.000682	0.000122	0.000100	0.000171
2016.170770	-0.001856	-0.001771	0.000580	0.000109	0.000090	0.000146
2016.173500	-0.002229	-0.002127	0.000697	0.000125	0.000102	0.000175
2016.176230	-0.002048	-0.001954	0.000640	0.000117	0.000096	0.000161
2016.178960	-0.002157	-0.002059	0.000675	0.000122	0.000100	0.000170
2016.181690	-0.002470	-0.002358	0.000772	0.000135	0.000109	0.000194
2016.184430	-0.001803	-0.001721	0.000564	0.000107	0.000089	0.000142
2016.187160	-0.002194	-0.002094	0.000686	0.000124	0.000101	0.000172
2016.189890	-0.002153	-0.002055	0.000673	0.000121	0.000099	0.000169
2016.192620	-0.002024	-0.001932	0.000633	0.000116	0.000095	0.000159
2016.195360	-0.002230	-0.002128	0.000697	0.000125	0.000101	0.000175
2016.198090	-0.002557	-0.002441	0.000800	0.000139	0.000112	0.000201
2016.200820	-0.002524	-0.002409	0.000789	0.000138	0.000111	0.000198
2016.203550	-0.002649	-0.002529	0.000828	0.000143	0.000115	0.000208
2016.206280	-0.002457	-0.002345	0.000768	0.000134	0.000109	0.000193
2016.209020	-0.002560	-0.002443	0.000800	0.000139	0.000112	0.000201
2016.211750	-0.002676	-0.002554	0.000837	0.000144	0.000116	0.000210
2016.214480	-0.002654	-0.002534	0.000830	0.000144	0.000115	0.000208
2016.217210	-0.002623	-0.002503	0.000820	0.000142	0.000114	0.000206
2016.219950	-0.002176	-0.002077	0.000680	0.000123	0.000101	0.000171
2016.222680	-0.002318	-0.002212	0.000725	0.000128	0.000104	0.000182
2016.225410	-0.002049	-0.001955	0.000641	0.000117	0.000096	0.000161
2016.228140	-0.002034	-0.001941	0.000636	0.000116	0.000095	0.000160
2016.230870	-0.001405	-0.001341	0.000439	0.000095	0.000082	0.000112
2016.233610	-0.002091	-0.001996	0.000654	0.000119	0.000097	0.000164
2016.236340	-0.002099	-0.002004	0.000656	0.000119	0.000098	0.000165
2016.239070	-0.002007	-0.001916	0.000628	0.000116	0.000095	0.000158
2016.241800	-0.002269	-0.002166	0.000710	0.000127	0.000103	0.000178
2016.244540	-0.002504	-0.002390	0.000783	0.000137	0.000110	0.000196
2016.247270	-0.001346	-0.001285	0.000421	0.000095	0.000082	0.000107
2016.250000	-0.001962	-0.001872	0.000613	0.000116	0.000096	0.000155
2016.252730	-0.002482	-0.002369	0.000776	0.000136	0.000110	0.000195
2016.255460	-0.001527	-0.001457	0.000477	0.000101	0.000087	0.000121
2016.258200	-0.002827	-0.002698	0.000884	0.000151	0.000121	0.000222
2016.260930	-0.002623	-0.002503	0.000820	0.000142	0.000114	0.000206
2016.263660	-0.001983	-0.001892	0.000620	0.000118	0.000098	0.000156
2016.266390	-0.002429	-0.002318	0.000760	0.000133	0.000108	0.000191
2016.269130	-0.002598	-0.002479	0.000812	0.000142	0.000115	0.000204
2016.271860	-0.002519	-0.002405	0.000788	0.000137	0.000111	0.000198
2016.274590	-0.002682	-0.002560	0.000839	0.000145	0.000116	0.000210
2016.277320	-0.002800	-0.002673	0.000876	0.000150	0.000120	0.000220
2016.280050	-0.002582	-0.002465	0.000807	0.000140	0.000113	0.000203
2016.282790	-0.002702	-0.002578	0.000845	0.000146	0.000117	0.000212
2016.285520	-0.002597	-0.002478	0.000812	0.000141	0.000114	0.000204
2016.288250	-0.002283	-0.002179	0.000714	0.000127	0.000104	0.000179
2016.290980	-0.002595	-0.002477	0.000811	0.000141	0.000114	0.000204
2016.293720	-0.003271	-0.003122	0.001023	0.000171	0.000136	0.000256
2016.296450	-0.002495	-0.002382	0.000780	0.000136	0.000110	0.000196
2016.299180	-0.002872	-0.002741	0.000898	0.000153	0.000123	0.000225
2016.301910	-0.002500	-0.002386	0.000782	0.000136	0.000110	0.000196
2016.304640	-0.002892	-0.002760	0.000904	0.000154	0.000123	0.000227
2016.307380	-0.002771	-0.002645	0.000867	0.000148	0.000119	0.000217
2016.310110	-0.002712	-0.002588	0.000848	0.000146	0.000117	0.000213
2016.312840	-0.002590	-0.002472	0.000810	0.000141	0.000113	0.000203
2016.315570	-0.002493	-0.002380	0.000780	0.000137	0.000110	0.000196
2016.318310	-0.002518	-0.002404	0.000787	0.000138	0.000111	0.000198
2016.321040	-0.003710	-0.003541	0.001160	0.000192	0.000151	0.000290
2016.323770	-0.002631	-0.002511	0.000823	0.000143	0.000115	0.000206
2016.326500	-0.002521	-0.002407	0.000788	0.000138	0.000111	0.000198
2016.329240	-0.003191	-0.003046	0.000998	0.000168	0.000133	0.000250
2016.331970	-0.002832	-0.002703	0.000885	0.000152	0.000121	0.000222
2016.334700	-0.002813	-0.002685	0.000880	0.000151	0.000121	0.000221
2016.337430	-0.002535	-0.002420	0.000793	0.000138	0.000112	0.000199
2016.340160	-0.002351	-0.002244	0.000735	0.000130	0.000106	0.000185
2016.342900	-0.003070	-0.002930	0.000960	0.000162	0.000129	0.000241
2016.345630	-0.002738	-0.002613	0.000856	0.000147	0.000118	0.000215
2016.348360	-0.003215	-0.003069	0.001005	0.000168	0.000133	0.000252
2016.351090	-0.002733	-0.002609	0.000855	0.000146	0.000117	0.000214
2016.353830	-0.003069	-0.002929	0.000960	0.000161	0.000128	0.000240
2016.356560	-0.003096	-0.002955	0.000968	0.000162	0.000128	0.000242
2016.359290	-0.003203	-0.003057	0.001001	0.000167	0.000132	0.000251
2016.362020	-0.003109	-0.002967	0.000972	0.000163	0.000129	0.000243
2016.364750	-0.003029	-0.002891	0.000947	0.000159	0.000126	0.000237
2016.367490	-0.003314	-0.003163	0.001036	0.000172	0.000136	0.000259
2016.370220	-0.003582	-0.003419	0.001120	0.000185	0.000145	0.000280
2016.372950	-0.003078	-0.002938	0.000962	0.000162	0.000128	0.000241
2016.375680	-0.003026	-0.002889	0.000946	0.000159	0.000126	0.000237
2016.378420	-0.002933	-0.002799	0.000917	0.000155	0.000123	0.000230
2016.381150	-0.002976	-0.002841	0.000931	0.000157	0.000125	0.000233
2016.383880	-0.002610	-0.002492	0.000816	0.000140	0.000113	0.000205
2016.386610	-0.002585	-0.002468	0.000808	0.000139	0.000112	0.000203
2016.389340	-0.003306	-0.003155	0.001034	0.000172	0.000136	0.000259
2016.392080	-0.003097	-0.002956	0.000969	0.000162	0.000129	0.000243
2016.394810	-0.003106	-0.002964	0.000971	0.000163	0.000129	0.000243
2016.397540	-0.003559	-0.003397	0.001113	0.000184	0.000145	0.000279
2016.400270	-0.003300	-0.003149	0.001032	0.000172	0.000136	0.000258
2016.403010	-0.002842	-0.002713	0.000889	0.000151	0.000120	0.000223
2016.405740	-0.003189	-0.003044	0.000997	0.000167	0.000132	0.000250
2016.408470	-0.002766	-0.002640	0.000865	0.000147	0.000118	0.000217
2016.411200	-0.003425	-0.003270	0.001071	0.000178	0.000140	0.000268
2016.413930	-0.003365	-0.003211	0.001052	0.000175	0.000138	0.000263
2016.416670	-0.003206	-0.003060	0.001003	0.000167	0.000133	0.000251
2016.419400	-0.002854	-0.002724	0.000892	0.000151	0.000121	0.000224
2016.422130	-0.003049	-0.002910	0.000953	0.000160	0.000127	0.000239
2016.424860	-0.003430	-0.003274	0.001073	0.000178	0.000140	0.000268
2016.427600	-0.003031	-0.002893	0.000948	0.000159	0.000127	0.000237
2016.430330	-0.003503	-0.003344	0.001096	0.000181	0.000143	0.000274
2016.433060	-0.003311	-0.003160	0.001035	0.000172	0.000136	0.000259
2016.435790	-0.003402	-0.003247	0.001064	0.000176	0.000139	0.000266
2016.438520	-0.003125	-0.002983	0.000977	0.000164	0.000130	0.000245
