85.456 37.387 6.31718
86.38 37.413 5.66834
86.327 37.336 6.94476
86.309 37.232 8.61688
86.264 36.994 6.34614
86.25 36.428 4.89203
86.056 36.253 3.28587
86.119 36.026 4.06037
86.283 35.657 5.74147
86.056 35.853 5.39161
85.646 37.871 7.75638
86.167 37.62 7.34619
86.333 37.213 7.52753
85.144 37.057 3.92342
86.159 31.897 7.24581
88.18 29.176 13.3915
85.336 33.14 5.87041
87.171 28.622 12.3599
87.434 31.785 8.50468
87.576 29.118 13.7198
86.723 29.419 10.4938
86.251 38.077 9.5014
85.156 36.986 4.8467
85.575 38.065 6.8279
86.171 37.588 8.14474
84.524 37.133 4.72293
87.06 28.587 11.8666
86.442 31.927 8.65844
87.085 29.32 10.4796
86.387 28.687 12.6348
86.52 30.001 11.1436
87.167 31.203 9.69641
87.004 30.619 10.7496
84.827 35.467 2.01997
85.714 35.47 4.87467
87.355 31.602 9.74685
87.769 28.538 12.3291
88.238 29.429 13.814
88.399 29.331 14.7633
87.766 31.891 10.3719
85.427 37.582 6.12815
87.155 28.63 12.3305
85.834 32.827 3.97492
86.515 28.581 13.0452
85.53 38.119 6.35373
87.184 29.268 12.1014
87.234 31.796 9.89992
86.904 30.445 11.125
