85.456 37.387 4.67954765689 -1.6376285
86.38 37.413 2.14272533765 -3.5256112
86.327 37.336 2.00985970397 -4.9348997
86.309 37.232 1.84861215428 -6.7682683
86.264 36.994 1.63922181314 -4.7069198
86.25 36.428 -0.328051118461 -5.2200815
86.056 36.253 -1.06851625551 -4.3543905
86.119 36.026 -1.96576524869 -6.026132
86.283 35.657 -1.13886359653 -6.8803334
86.056 35.853 -1.17403462454 -6.5656448
85.646 37.871 5.94253941581 -1.8138386
86.167 37.62 5.09129666172 -2.254892
86.333 37.213 1.69659829818 -5.8309277
85.144 37.057 1.56693709828 -2.3564808
86.159 31.897 -1.71288358817 -8.9586973
88.18 29.176 1.67254800691 -11.7189328
85.336 33.14 -1.5226991733 -7.3931135
87.171 28.622 3.04482549161 -9.315032
87.434 31.785 -2.46427400484 -10.9689527
87.576 29.118 2.43765162577 -11.2821755
86.723 29.419 1.31490502465 -9.1788567
86.251 38.077 8.02946720576 -1.4719344
85.156 36.986 2.09198759486 -2.7547122
85.575 38.065 5.46796585352 -1.3599355
86.171 37.588 5.23244621483 -2.9122904
84.524 37.133 3.8619232411 -0.8610086
87.06 28.587 3.08537110632 -8.7812265
86.442 31.927 -1.39928727507 -10.057723
87.085 29.32 0.939614763968 -9.5399659
86.387 28.687 5.12526534062 -7.5095288
86.52 30.001 1.50345310168 -9.6401124
87.167 31.203 -1.65442702591 -11.3508404
87.004 30.619 0.205980445029 -10.5436533
84.827 35.467 -3.35892622366 -5.3788952
85.714 35.47 -0.97623090341 -5.8508968
87.355 31.602 -2.07359749328 -11.8204479
87.769 28.538 1.25380082814 -11.0753228
88.238 29.429 1.6336507485 -12.180331
88.399 29.331 1.31575863672 -13.4475084
87.766 31.891 -2.2406687786 -12.612614
85.427 37.582 5.26435592001 -0.8637949
87.155 28.63 2.8913745817 -9.4391328
85.834 32.827 -4.98771978787 -8.9626424
86.515 28.581 4.94527427997 -8.0999291
85.53 38.119 4.34855476286 -2.0051754
87.184 29.268 1.38852866077 -10.7128882
87.234 31.796 -2.2638666481 -12.1637862
86.904 30.445 0.0501399702517 -11.0748567
