          albh algo jplm pin1 bjfs shao wuhn kit3 irkt irkm
2008 001     1    1    1    0    1    1    1    1    1    0
2008 002     1    1    1    0    1    1    1    1    1    0
2008 003     1    1    1    0    0    1    0    0    0    0
2008 004     1    1    1    0    0    1    0    0    0    0
2008 005     1    1    1    0    0    1    0    0    0    0
2008 006     1    1    1    0    0    1    0    0    0    0
2008 007     1    1    1    0    0    1    0    0    0    0
2008 008     1    1    1    0    0    1    0    0    0    0
2008 009     1    1    1    0    0    1    0    0    0    0
2008 010     1    1    1    0    1    1    1    1    1    0
       %  100. 100. 100.   0.  30. 100.  30.  30.  30.   0.
          albh algo jplm pin1 bjfs shao wuhn kit3 irkt irkm
