[]in:input.txt
[]out:input.txt.ok
           1           1           0   2014.81507800609      
  S1A_IW_SLC__1SSV_20141025T120512_20141025T120538_002986_003658_6540.manifest.s
 afe        0.6124401913875598
           2           1           0   2014.84795471842      
  S1A_IW_SLC__1SSV_20141106T120519_20141106T120548_003161_003A27_82D4.manifest.s
 afe        1.0000000000000000
           3           0           0   2014.84795662101      
  S1A_IW_SLC__1SSV_20141106T120546_20141106T120614_003161_003A27_B103.manifest.s
 afe        1.0000000000000000
           4           0           0   2014.84795662101      
  S1A_IW_SLC__1SSV_20141106T120612_20141106T120639_003161_003A27_6946.manifest.s
 afe        1.0000000000000000
           5           1           0   2014.91370814307      
  S1A_IW_SLC__1SSV_20141130T120518_20141130T120548_003511_0041FE_0049.manifest.s
 afe        1.0000000000000000
           6           0           0   2014.91371004566      
  S1A_IW_SLC__1SSV_20141130T120546_20141130T120614_003511_0041FE_E3FC.manifest.s
 afe        1.0000000000000000
           7           0           0   2014.91371004566      
  S1A_IW_SLC__1SSV_20141130T120612_20141130T120638_003511_0041FE_7487.manifest.s
 afe        1.0000000000000000
           8           1           0   2014.94658485540      
  S1A_IW_SLC__1SSV_20141212T120510_20141212T120536_003686_0045F2_3903.manifest.s
 afe        0.6124401913875598
           9           1           0   2014.97946347032      
  S1A_IW_SLC__1SSV_20141224T120610_20141224T120637_003861_0049F6_9F5C.manifest.s
 afe        1.0000000000000000
          10           1           0   2015.01233828006      
  S1A_IW_SLC__1SSV_20150105T120510_20150105T120536_004036_004DD9_F52C.manifest.s
 afe        0.6124401913875598
          11           1           0   2015.04521499239      
  S1A_IW_SLC__1SSV_20150117T120516_20150117T120546_004211_0051D8_21AA.manifest.s
 afe        1.0000000000000000
          12           0           0   2015.04521689498      
  S1A_IW_SLC__1SSV_20150117T120544_20150117T120612_004211_0051D8_DEDB.manifest.s
 afe        1.0000000000000000
          13           0           0   2015.04521689498      
  S1A_IW_SLC__1SSV_20150117T120610_20150117T120637_004211_0051D8_1657.manifest.s
 afe        1.0000000000000000
          14           1           0   2015.07809170472      
  S1A_IW_SLC__1SSV_20150129T120509_20150129T120535_004386_0055A6_02EF.manifest.s
 afe        0.6124401913875598
          15           1           0   2015.11096841705      
  S1A_IW_SLC__1SSV_20150210T120516_20150210T120545_004561_0059B4_A7B1.manifest.s
 afe        1.0000000000000000
          16           0           0   2015.11097031964      
  S1A_IW_SLC__1SSV_20150210T120543_20150210T120611_004561_0059B4_F6E7.manifest.s
 afe        1.0000000000000000
          17           0           0   2015.11097031964      
  S1A_IW_SLC__1SSV_20150210T120609_20150210T120636_004561_0059B4_56C6.manifest.s
 afe        1.0000000000000000
          18           1           0   2015.14384512938      
  S1A_IW_SLC__1SSV_20150222T120509_20150222T120535_004736_005DC5_5393.manifest.s
 afe        0.6124401913875598
          19           1           0   2015.17672184170      
  S1A_IW_SLC__1SSV_20150306T120516_20150306T120546_004911_00620B_6CD6.manifest.s
 afe        1.0000000000000000
          20           0           0   2015.17672374429      
  S1A_IW_SLC__1SSV_20150306T120544_20150306T120611_004911_00620B_CE7E.manifest.s
 afe        1.0000000000000000
          21           0           0   2015.17672374429      
  S1A_IW_SLC__1SSV_20150306T120609_20150306T120636_004911_00620B_52BC.manifest.s
 afe        1.0000000000000000
          22           1           0   2015.20959855403      
  S1A_IW_SLC__1SSV_20150318T120509_20150318T120535_005086_006644_490F.manifest.s
 afe        0.6124401913875598
          23           1           0   2015.24247526636      
  S1A_IW_SLC__1SSV_20150330T120517_20150330T120546_005261_006A5E_E530.manifest.s
 afe        1.0000000000000000
          24           0           0   2015.24247716895      
  S1A_IW_SLC__1SSV_20150330T120544_20150330T120611_005261_006A5E_4114.manifest.s
 afe        0.9796954314720813
          25           0           0   2015.24247716895      
  S1A_IW_SLC__1SSV_20150330T120609_20150330T120637_005261_006A5E_0FEE.manifest.s
 afe        1.0000000000000000
          26           1           0   2015.30822869102      
  S1A_IW_SLC__1SSV_20150423T120517_20150423T120547_005611_0072F6_44C0.manifest.s
 afe        1.0000000000000000
          27           0           0   2015.30823059361      
  S1A_IW_SLC__1SSV_20150423T120545_20150423T120612_005611_0072F6_967E.manifest.s
 afe        0.9796954314720813
          28           0           0   2015.30823059361      
  S1A_IW_SLC__1SSV_20150423T120609_20150423T120637_005611_0072F6_1E71.manifest.s
 afe        1.0000000000000000
          29           1           0   2015.37398211568      
  S1A_IW_SLC__1SSV_20150517T120519_20150517T120546_005961_007AE4_AB13.manifest.s
 afe        0.9134615384615384
          30           0           0   2015.37398401827      
  S1A_IW_SLC__1SSV_20150517T120544_20150517T120612_005961_007AE4_0A75.manifest.s
 afe        0.9086294416243654
          31           0           0   2015.37398401827      
  S1A_IW_SLC__1SSV_20150517T120609_20150517T120636_005961_007AE4_F152.manifest.s
 afe        0.9072164948453608
          32           1           0   2015.40685882801      
  S1A_IW_SLC__1SSV_20150529T120512_20150529T120539_006136_007F72_A765.manifest.s
 afe        0.6459330143540670
          33           1           0   2015.43973554033      
  S1A_IW_SLC__1SSV_20150610T120520_20150610T120547_006311_008497_4814.manifest.s
 afe        0.9086538461538462
          34           0           0   2015.43973744292      
  S1A_IW_SLC__1SSV_20150610T120545_20150610T120613_006311_008497_4168.manifest.s
 afe        0.9040404040404041
          35           0           0   2015.43973744292      
  S1A_IW_SLC__1SSV_20150610T120611_20150610T120638_006311_008497_CFA0.manifest.s
 afe        0.9020618556701031
          36           1           0   2015.47261225266      
  S1A_IW_SLC__1SSV_20150622T120530_20150622T120557_006486_00899A_AC04.manifest.s
 afe        0.6826923076923077
          37           0           1   2015.47261225266      
  S1A_IW_SLC__1SSV_20150622T120530_20150622T120557_006486_00899A_BE48.manifest.s
 afe        0.6826923076923077
          38           0           1   2015.47261225266      
  S1A_IW_SLC__1SSV_20150622T120530_20150622T120557_006486_00899A_DB35.manifest.s
 afe        0.6826923076923077
          39           0           0   2015.47261415525      
  S1A_IW_SLC__1SSV_20150622T120555_20150622T120624_006486_00899A_0FD8.manifest.s
 afe        0.7653061224489796
          40           0           1   2015.47261415525      
  S1A_IW_SLC__1SSV_20150622T120555_20150622T120624_006486_00899A_51A1.manifest.s
 afe        0.7653061224489796
          41           0           1   2015.47261415525      
  S1A_IW_SLC__1SSV_20150622T120555_20150622T120624_006486_00899A_CD50.manifest.s
 afe        0.7653061224489796
          42           1           0   2015.50548896499      
  S1A_IW_SLC__1SSV_20150704T120521_20150704T120548_006661_008E51_A0A9.manifest.s
 afe        0.9086538461538462
          43           0           0   2015.50549086758      
  S1A_IW_SLC__1SSV_20150704T120546_20150704T120614_006661_008E51_1846.manifest.s
 afe        0.9040404040404041
          44           0           0   2015.50549086758      
  S1A_IW_SLC__1SSV_20150704T120611_20150704T120638_006661_008E51_E83E.manifest.s
 afe        0.8974358974358975
          45           1           0   2015.53836567732      
  S1A_IW_SLC__1SSV_20150716T120531_20150716T120558_006836_009359_AAF0.manifest.s
 afe        0.6859903381642513
          46           0           0   2015.53836757991      
  S1A_IW_SLC__1SSV_20150716T120556_20150716T120624_006836_009359_0651.manifest.s
 afe        0.7626262626262627
          47           1           0   2015.57124238965      
  S1A_IW_SLC__1SSV_20150728T120522_20150728T120549_007011_009853_27F6.manifest.s
 afe        0.9086538461538462
          48           0           0   2015.57124429224      
  S1A_IW_SLC__1SSV_20150728T120547_20150728T120615_007011_009853_10E6.manifest.s
 afe        0.9040404040404041
          49           0           0   2015.57124429224      
  S1A_IW_SLC__1SSV_20150728T120613_20150728T120640_007011_009853_234A.manifest.s
 afe        0.9020618556701031
          50           1           0   2015.63699581431      
  S1A_IW_SLC__1SSV_20150821T120529_20150821T120559_007361_00A1D2_2526.manifest.s
 afe        0.8190476190476190
          51           0           0   2015.63699771690      
  S1A_IW_SLC__1SSV_20150821T120557_20150821T120624_007361_00A1D2_B5D3.manifest.s
 afe        0.8071065989847716
          52           0           0   2015.63699771690      
  S1A_IW_SLC__1SSV_20150821T120622_20150821T120649_007361_00A1D2_C22D.manifest.s
 afe        0.8307692307692308
          53           1           0   2015.70275114155      
  S1A_IW_SLC__1SSV_20150914T120530_20150914T120600_007711_00AB51_7B06.manifest.s
 afe        0.8190476190476190
          54           0           0   2015.70275114155      
  S1A_IW_SLC__1SSV_20150914T120558_20150914T120625_007711_00AB51_6594.manifest.s
 afe        0.8071065989847716
          55           0           0   2015.70275114155      
  S1A_IW_SLC__1SSV_20150914T120622_20150914T120650_007711_00AB51_C62D.manifest.s
 afe        0.8350515463917526
          56           1           0   2015.76850456621      
  S1A_IW_SLC__1SSV_20151008T120536_20151008T120603_008061_00B4AC_9191.manifest.s
 afe        0.6346153846153846
          57           0           0   2015.76850456621      
  S1A_IW_SLC__1SSV_20151008T120601_20151008T120629_008061_00B4AC_7586.manifest.s
 afe        0.7106598984771574
          58           1           0   2015.83425799087      
  S1A_IW_SLC__1SDV_20151101T120536_20151101T120603_008411_00BE23_8392.manifest.s
 afe        0.6346153846153846
          59           0           0   2015.83425799087      
  S1A_IW_SLC__1SDV_20151101T120601_20151101T120629_008411_00BE23_246B.manifest.s
 afe        0.7106598984771574
          60           0           0   2015.83425799087      
  S1A_IW_SLC__1SDV_20151101T120626_20151101T120653_008411_00BE23_2D05.manifest.s
 afe        0.6974358974358974
          61           1           0   2015.90000951294      
  S1A_IW_SLC__1SSV_20151125T120530_20151125T120558_008761_00C7B8_0331.manifest.s
 afe        0.8190476190476190
          62           0           0   2015.90001141553      
  S1A_IW_SLC__1SSV_20151125T120556_20151125T120623_008761_00C7B8_4477.manifest.s
 afe        0.8737373737373737
          63           0           0   2015.90001141553      
  S1A_IW_SLC__1SSV_20151125T120620_20151125T120647_008761_00C7B8_AA01.manifest.s
 afe        0.9015544041450777
          64           1           0   2015.96576293759      
  S1A_IW_SLC__1SSV_20151219T120529_20151219T120557_009111_00D184_67B0.manifest.s
 afe        0.8190476190476190
          65           0           1   2015.96576293759      
  S1A_IW_SLC__1SSV_20151219T120529_20151219T120557_009111_00D184_C261.manifest.s
 afe        0.8190476190476190
          66           0           0   2015.96576484018      
  S1A_IW_SLC__1SSV_20151219T120555_20151219T120622_009111_00D184_0621.manifest.s
 afe        0.8686868686868687
          67           0           1   2015.96576484018      
  S1A_IW_SLC__1SSV_20151219T120555_20151219T120622_009111_00D184_E093.manifest.s
 afe        0.8686868686868687
          68           0           0   2015.96576484018      
  S1A_IW_SLC__1SSV_20151219T120620_20151219T120647_009111_00D184_06B8.manifest.s
 afe        0.9015544041450777
          69           0           1   2015.96576484018      
  S1A_IW_SLC__1SSV_20151219T120620_20151219T120647_009111_00D184_7312.manifest.s
 afe        0.9015544041450777
          70           1           0   2016.03143025197      
  S1A_IW_SLC__1SSV_20160112T120528_20160112T120556_009461_00DB81_B0E0.manifest.s
 afe        0.8190476190476190
          71           0           0   2016.03143214936      
  S1A_IW_SLC__1SSV_20160112T120554_20160112T120621_009461_00DB81_96F1.manifest.s
 afe        0.8737373737373737
          72           0           0   2016.03143214936      
  S1A_IW_SLC__1SSV_20160112T120619_20160112T120646_009461_00DB81_CB18.manifest.s
 afe        0.9015544041450777
          73           1           0   2016.09700402246      
  S1A_IW_SLC__1SSV_20160205T120528_20160205T120556_009811_00E5AE_118F.manifest.s
 afe        0.8190476190476190
          74           0           0   2016.09700591985      
  S1A_IW_SLC__1SSV_20160205T120553_20160205T120620_009811_00E5AE_4907.manifest.s
 afe        0.8737373737373737
          75           0           0   2016.09700591985      
  S1A_IW_SLC__1SSV_20160205T120618_20160205T120645_009811_00E5AE_2D22.manifest.s
 afe        0.9015544041450777
          76           1           0   2016.16257779296      
  S1A_IW_SLC__1SSV_20160229T120517_20160229T120546_010161_00EFCF_F311.manifest.s
 afe        0.8212560386473430
          77           0           0   2016.16257969035      
  S1A_IW_SLC__1SSV_20160229T120544_20160229T120612_010161_00EFCF_F408.manifest.s
 afe        0.8080808080808081
          78           0           0   2016.16257969035      
  S1A_IW_SLC__1SSV_20160229T120610_20160229T120637_010161_00EFCF_F427.manifest.s
 afe        0.7989690721649485
          79           1           0   2016.29372533394      
  S1A_IW_SLC__1SSV_20160417T120529_20160417T120557_010861_01041B_9139.manifest.s
 afe        0.8190476190476190
          80           0           0   2016.29372723133      
  S1A_IW_SLC__1SSV_20160417T120555_20160417T120622_010861_01041B_D539.manifest.s
 afe        0.8737373737373737
          81           0           0   2016.29372723133      
  S1A_IW_SLC__1SSV_20160417T120619_20160417T120646_010861_01041B_1D5B.manifest.s
 afe        0.9015544041450777
          82           1           0   2016.35929910443      
  S1A_IW_SLC__1SSV_20160511T120530_20160511T120558_011211_010F19_E008.manifest.s
 afe        0.8190476190476190
          83           0           0   2016.35930100182      
  S1A_IW_SLC__1SSV_20160511T120556_20160511T120623_011211_010F19_C87F.manifest.s
 afe        0.8737373737373737
          84           0           0   2016.35930100182      
  S1A_IW_SLC__1SSV_20160511T120621_20160511T120648_011211_010F19_FE79.manifest.s
 afe        0.9015544041450777
          85           1           0   2016.42487287492      
  S1A_IW_SLC__1SSV_20160604T120531_20160604T120559_011561_011A74_1405.manifest.s
 afe        0.8190476190476190
          86           0           0   2016.42487477231      
  S1A_IW_SLC__1SSV_20160604T120557_20160604T120624_011561_011A74_B427.manifest.s
 afe        0.8737373737373737
          87           0           0   2016.42487477231      
  S1A_IW_SLC__1SSV_20160604T120622_20160604T120649_011561_011A74_2B09.manifest.s
 afe        0.9015544041450777
          88           1           0   2016.49044854281      
  S1A_IW_SLC__1SSV_20160628T120533_20160628T120601_011911_012575_D14D.manifest.s
 afe        0.8190476190476190
          89           0           0   2016.49044854281      
  S1A_IW_SLC__1SSV_20160628T120559_20160628T120625_011911_012575_9890.manifest.s
 afe        0.8737373737373737
          90           0           0   2016.49044854281      
  S1A_IW_SLC__1SSV_20160628T120623_20160628T120650_011911_012575_6855.manifest.s
 afe        0.9015544041450777
          91           1           0   2016.55602231330      
  S1A_IW_SLC__1SSV_20160722T120534_20160722T120602_012261_0130D6_9553.manifest.s
 afe        0.8190476190476190
          92           0           0   2016.55602231330      
  S1A_IW_SLC__1SSV_20160722T120600_20160722T120627_012261_0130D6_2011.manifest.s
 afe        0.8737373737373737
          93           0           0   2016.55602231330      
  S1A_IW_SLC__1SSV_20160722T120625_20160722T120652_012261_0130D6_81BF.manifest.s
 afe        0.9015544041450777
          94           1           0   2016.62159608379      
  S1A_IW_SLC__1SSV_20160815T120535_20160815T120603_012611_013C6A_2215.manifest.s
 afe        0.8190476190476190
          95           0           0   2016.62159608379      
  S1A_IW_SLC__1SSV_20160815T120601_20160815T120628_012611_013C6A_AE8B.manifest.s
 afe        0.8737373737373737
          96           0           0   2016.62159608379      
  S1A_IW_SLC__1SSV_20160815T120626_20160815T120653_012611_013C6A_83E0.manifest.s
 afe        0.9015544041450777
          97           1           0   2016.68716985428      
  S1A_IW_SLC__1SSV_20160908T120536_20160908T120604_012961_01480E_CB8D.manifest.s
 afe        0.8190476190476190
          98           0           0   2016.68716985428      
  S1A_IW_SLC__1SSV_20160908T120602_20160908T120629_012961_01480E_58C0.manifest.s
 afe        0.8686868686868687
          99           0           0   2016.68716985428      
  S1A_IW_SLC__1SSV_20160908T120627_20160908T120654_012961_01480E_6995.manifest.s
 afe        0.9015544041450777
         100           1           0   2016.75274362477      
  S1A_IW_SLC__1SSV_20161002T120537_20161002T120605_013311_015371_97B6.manifest.s
 afe        0.8190476190476190
         101           0           0   2016.75274362477      
  S1A_IW_SLC__1SSV_20161002T120603_20161002T120630_013311_015371_69AF.manifest.s
 afe        0.8686868686868687
         102           0           0   2016.75274362477      
  S1A_IW_SLC__1SSV_20161002T120628_20161002T120655_013311_015371_1887.manifest.s
 afe        0.9015544041450777
         103           1           0   2016.81831739526      
  S1A_IW_SLC__1SSV_20161026T120537_20161026T120605_013661_015E69_3594.manifest.s
 afe        0.8190476190476190
         104           0           0   2016.81831739526      
  S1A_IW_SLC__1SSV_20161026T120603_20161026T120630_013661_015E69_7691.manifest.s
 afe        0.8737373737373737
         105           0           0   2016.81831739526      
  S1A_IW_SLC__1SSV_20161026T120628_20161026T120655_013661_015E69_94AC.manifest.s
 afe        0.9015544041450777
         106           1           0   2016.88389116576      
  S1A_IW_SLC__1SSV_20161119T120537_20161119T120605_014011_01694B_2EA2.manifest.s
 afe        0.8181818181818182
         107           0           0   2016.88389116576      
  S1A_IW_SLC__1SSV_20161119T120603_20161119T120629_014011_01694B_F5B7.manifest.s
 afe        0.8686868686868687
         108           0           0   2016.88389116576      
  S1A_IW_SLC__1SSV_20161119T120627_20161119T120654_014011_01694B_8B7C.manifest.s
 afe        0.9015544041450777
         109           1           0   2016.94946493625      
  S1A_IW_SLC__1SSV_20161213T120536_20161213T120604_014361_01744B_2E69.manifest.s
 afe        0.8190476190476190
         110           0           0   2016.94946493625      
  S1A_IW_SLC__1SSV_20161213T120602_20161213T120629_014361_01744B_5282.manifest.s
 afe        0.8686868686868687
         111           0           0   2016.94946493625      
  S1A_IW_SLC__1SSV_20161213T120627_20161213T120654_014361_01744B_292C.manifest.s
 afe        0.9015544041450777
         112           1           0   2017.01507990868      
  S1A_IW_SLC__1SSV_20170106T120534_20170106T120602_014711_017F08_635E.manifest.s
 afe        0.8190476190476190
         113           0           1   2017.01507990868      
  S1A_IW_SLC__1SSV_20170106T120534_20170106T120602_014711_017F08_A4A9.manifest.s
 afe        0.8190476190476190
         114           0           0   2017.01507990868      
  S1A_IW_SLC__1SSV_20170106T120600_20170106T120627_014711_017F08_A489.manifest.s
 afe        0.8737373737373737
         115           0           1   2017.01507990868      
  S1A_IW_SLC__1SSV_20170106T120600_20170106T120627_014711_017F08_C67C.manifest.s
 afe        0.8737373737373737
         116           0           0   2017.01507990868      
  S1A_IW_SLC__1SSV_20170106T120625_20170106T120652_014711_017F08_C942.manifest.s
 afe        0.9015544041450777
         117           0           1   2017.01507990868      
  S1A_IW_SLC__1SSV_20170106T120625_20170106T120652_014711_017F08_EBB3.manifest.s
 afe        0.9015544041450777
         118           1           0   2017.08083333333      
  S1A_IW_SLC__1SSV_20170130T120533_20170130T120601_015061_0189CD_15F3.manifest.s
 afe        0.8190476190476190
         119           0           0   2017.08083333333      
  S1A_IW_SLC__1SSV_20170130T120559_20170130T120626_015061_0189CD_361D.manifest.s
 afe        0.8737373737373737
         120           0           0   2017.08083333333      
  S1A_IW_SLC__1SSV_20170130T120624_20170130T120651_015061_0189CD_129C.manifest.s
 afe        0.9015544041450777
         121           1           0   2017.11371004566      
  S1A_IW_SLC__1SDV_20170211T120533_20170211T120601_015236_018F46_482E.manifest.s
 afe        0.8190476190476190
         122           0           0   2017.11371004566      
  S1A_IW_SLC__1SDV_20170211T120559_20170211T120626_015236_018F46_00FC.manifest.s
 afe        0.8686868686868687
         123           0           0   2017.11371004566      
  S1A_IW_SLC__1SDV_20170211T120624_20170211T120651_015236_018F46_FE70.manifest.s
 afe        0.9015544041450777
         124           1           0   2017.14658485540      
  S1A_IW_SLC__1SDV_20170223T120531_20170223T120558_015411_0194AE_F1A7.manifest.s
 afe        0.8755980861244019
         125           0           0   2017.14658675799      
  S1A_IW_SLC__1SDV_20170223T120621_20170223T120648_015411_0194AE_48EE.manifest.s
 afe        1.0000000000000000
         126           0           0   2017.14658675799      
  S1A_IW_SLC__1SDV_20170223T120556_20170223T120623_015411_0194AE_1206.manifest.s
 afe        0.9746192893401016
         127           1           0   2017.17946156773      
  S1A_IW_SLC__1SDV_20170307T120531_20170307T120558_015586_0199F9_B03F.manifest.s
 afe        0.8755980861244019
         128           0           0   2017.17946347032      
  S1A_IW_SLC__1SDV_20170307T120621_20170307T120649_015586_0199F9_EA0D.manifest.s
 afe        1.0000000000000000
         129           0           0   2017.17946347032      
  S1A_IW_SLC__1SDV_20170307T120556_20170307T120623_015586_0199F9_9FD3.manifest.s
 afe        0.9746192893401016
         130           1           0   2017.21234018265      
  S1A_IW_SLC__1SDV_20170319T120540_20170319T120608_015761_019F2B_A39E.manifest.s
 afe        0.6009615384615384
         131           0           0   2017.21234018265      
  S1A_IW_SLC__1SDV_20170319T120606_20170319T120633_015761_019F2B_90A1.manifest.s
 afe        0.6345177664974619
         132           0           0   2017.21234018265      
  S1A_IW_SLC__1SDV_20170319T120630_20170319T120657_015761_019F2B_11DF.manifest.s
 afe        0.6546391752577320
         133           1           0   2017.24521689498      
  S1A_IW_SLC__1SDV_20170331T120540_20170331T120608_015936_01A461_9172.manifest.s
 afe        0.6009615384615384
         134           0           0   2017.24521689498      
  S1A_IW_SLC__1SDV_20170331T120606_20170331T120633_015936_01A461_4965.manifest.s
 afe        0.6345177664974619
         135           0           0   2017.24521689498      
  S1A_IW_SLC__1SDV_20170331T120631_20170331T120658_015936_01A461_E23E.manifest.s
 afe        0.6580310880829016
         136           1           0   2017.31097031964      
  S1A_IW_SLC__1SDV_20170424T120541_20170424T120609_016286_01AF0F_0E4F.manifest.s
 afe        0.6009615384615384
         137           0           0   2017.31097031964      
  S1A_IW_SLC__1SDV_20170424T120607_20170424T120634_016286_01AF0F_E80F.manifest.s
 afe        0.6345177664974619
         138           0           0   2017.31097031964      
  S1A_IW_SLC__1SDV_20170424T120632_20170424T120659_016286_01AF0F_D432.manifest.s
 afe        0.6632124352331607
         139           1           0   2017.34384703196      
  S1A_IW_SLC__1SDV_20170506T120608_20170506T120635_016461_01B453_023E.manifest.s
 afe        0.6345177664974619
         140           0           0   2017.34384703196      
  S1A_IW_SLC__1SDV_20170506T120542_20170506T120610_016461_01B453_1ED6.manifest.s
 afe        0.6009615384615384
         141           0           0   2017.34384893455      
  S1A_IW_SLC__1SDV_20170506T120633_20170506T120700_016461_01B453_E8A8.manifest.s
 afe        0.6546391752577320
         142           1           0   2017.37672374429      
  S1A_IW_SLC__1SDV_20170518T120608_20170518T120635_016636_01B9AB_12EE.manifest.s
 afe        0.6345177664974619
         143           0           0   2017.37672374429      
  S1A_IW_SLC__1SDV_20170518T120542_20170518T120610_016636_01B9AB_238E.manifest.s
 afe        0.6057692307692307
         144           0           0   2017.37672564688      
  S1A_IW_SLC__1SDV_20170518T120633_20170518T120700_016636_01B9AB_CABA.manifest.s
 afe        0.6632124352331607
         145           1           0   2017.40960045662      
  S1A_IW_SLC__1SDV_20170530T120609_20170530T120636_016811_01BF0F_BFEA.manifest.s
 afe        0.6345177664974619
         146           0           0   2017.40960045662      
  S1A_IW_SLC__1SDV_20170530T120543_20170530T120611_016811_01BF0F_9803.manifest.s
 afe        0.6009615384615384
         147           0           0   2017.40960235921      
  S1A_IW_SLC__1SDV_20170530T120634_20170530T120701_016811_01BF0F_B50A.manifest.s
 afe        0.6580310880829016
         148           1           0   2017.44247716895      
  S1A_IW_SLC__1SDV_20170611T120610_20170611T120637_016986_01C47D_233C.manifest.s
 afe        0.6345177664974619
         149           0           0   2017.44247716895      
  S1A_IW_SLC__1SDV_20170611T120544_20170611T120612_016986_01C47D_1573.manifest.s
 afe        0.6009615384615384
         150           0           0   2017.44247907154      
  S1A_IW_SLC__1SDV_20170611T120634_20170611T120701_016986_01C47D_DF42.manifest.s
 afe        0.6632124352331607
         151           1           0   2017.47535388128      
  S1A_IW_SLC__1SDV_20170623T120609_20170623T120637_017161_01C9D6_30B6.manifest.s
 afe        0.6700507614213198
         152           0           0   2017.47535388128      
  S1A_IW_SLC__1SDV_20170623T120545_20170623T120612_017161_01C9D6_7D55.manifest.s
 afe        0.6028708133971292
         153           0           0   2017.47535578387      
  S1A_IW_SLC__1SDV_20170623T120635_20170623T120702_017161_01C9D6_B844.manifest.s
 afe        0.6580310880829016
         154           1           0   2017.50823059361      
  S1A_IW_SLC__1SDV_20170705T120611_20170705T120638_017336_01CF21_0CB5.manifest.s
 afe        0.6345177664974619
         155           0           0   2017.50823059361      
  S1A_IW_SLC__1SDV_20170705T120545_20170705T120613_017336_01CF21_4CDC.manifest.s
 afe        0.6009615384615384
         156           0           0   2017.50823249620      
  S1A_IW_SLC__1SDV_20170705T120636_20170705T120703_017336_01CF21_05D1.manifest.s
 afe        0.6632124352331607
         157           1           0   2017.54110730594      
  S1A_IW_SLC__1SDV_20170717T120612_20170717T120639_017511_01D472_AD5C.manifest.s
 afe        0.6345177664974619
         158           0           0   2017.54110730594      
  S1A_IW_SLC__1SDV_20170717T120546_20170717T120614_017511_01D472_26E9.manifest.s
 afe        0.6009615384615384
         159           0           0   2017.54110920852      
  S1A_IW_SLC__1SDV_20170717T120636_20170717T120703_017511_01D472_ADB3.manifest.s
 afe        0.6580310880829016
         160           1           0   2017.57398401827      
  S1A_IW_SLC__1SDV_20170729T120612_20170729T120639_017686_01D9CD_3553.manifest.s
 afe        0.6345177664974619
         161           0           0   2017.57398401827      
  S1A_IW_SLC__1SDV_20170729T120547_20170729T120615_017686_01D9CD_BD7B.manifest.s
 afe        0.6009615384615384
         162           0           0   2017.57398592085      
  S1A_IW_SLC__1SDV_20170729T120637_20170729T120704_017686_01D9CD_9C78.manifest.s
 afe        0.6632124352331607
         163           1           0   2017.60686073059      
  S1A_IW_SLC__1SDV_20170810T120613_20170810T120640_017861_01DF21_20AE.manifest.s
 afe        0.6345177664974619
         164           0           0   2017.60686073059      
  S1A_IW_SLC__1SDV_20170810T120547_20170810T120615_017861_01DF21_DCFC.manifest.s
 afe        0.6009615384615384
         165           0           0   2017.60686263318      
  S1A_IW_SLC__1SDV_20170810T120638_20170810T120705_017861_01DF21_B1FC.manifest.s
 afe        0.6580310880829016
         166           1           0   2017.63973744292      
  S1A_IW_SLC__1SDV_20170822T120614_20170822T120641_018036_01E472_4015.manifest.s
 afe        0.6345177664974619
         167           0           0   2017.63973744292      
  S1A_IW_SLC__1SDV_20170822T120548_20170822T120616_018036_01E472_6466.manifest.s
 afe        0.6009615384615384
         168           0           0   2017.63973934551      
  S1A_IW_SLC__1SDV_20170822T120638_20170822T120705_018036_01E472_B8AB.manifest.s
 afe        0.6580310880829016
         169           1           0   2017.67261415525      
  S1A_IW_SLC__1SDV_20170903T120614_20170903T120641_018211_01E9B7_BA4F.manifest.s
 afe        0.6345177664974619
         170           0           0   2017.67261415525      
  S1A_IW_SLC__1SDV_20170903T120548_20170903T120616_018211_01E9B7_DCD0.manifest.s
 afe        0.6009615384615384
         171           0           0   2017.67261605784      
  S1A_IW_SLC__1SDV_20170903T120639_20170903T120706_018211_01E9B7_6AFC.manifest.s
 afe        0.6632124352331607
         172           1           0   2017.70549086758      
  S1A_IW_SLC__1SDV_20170915T120615_20170915T120642_018386_01EF2B_9BFC.manifest.s
 afe        0.6345177664974619
         173           0           0   2017.70549086758      
  S1A_IW_SLC__1SDV_20170915T120549_20170915T120617_018386_01EF2B_3B9D.manifest.s
 afe        0.6009615384615384
         174           0           0   2017.70549277017      
  S1A_IW_SLC__1SDV_20170915T120639_20170915T120706_018386_01EF2B_5F23.manifest.s
 afe        0.6546391752577320
         175           1           0   2017.73836757991      
  S1A_IW_SLC__1SDV_20170927T120615_20170927T120642_018561_01F486_01A7.manifest.s
 afe        0.6345177664974619
         176           0           0   2017.73836757991      
  S1A_IW_SLC__1SDV_20170927T120549_20170927T120617_018561_01F486_7916.manifest.s
 afe        0.6009615384615384
         177           0           0   2017.73836948250      
  S1A_IW_SLC__1SDV_20170927T120640_20170927T120707_018561_01F486_E3BD.manifest.s
 afe        0.6546391752577320
         178           1           0   2017.77124429224      
  S1A_IW_SLC__1SDV_20171009T120615_20171009T120642_018736_01F9D6_EA14.manifest.s
 afe        0.6345177664974619
         179           0           0   2017.77124429224      
  S1A_IW_SLC__1SDV_20171009T120549_20171009T120617_018736_01F9D6_2494.manifest.s
 afe        0.6009615384615384
         180           0           0   2017.77124619483      
  S1A_IW_SLC__1SDV_20171009T120640_20171009T120707_018736_01F9D6_99B5.manifest.s
 afe        0.6546391752577320
         181           1           0   2017.80412100457      
  S1A_IW_SLC__1SDV_20171021T120614_20171021T120642_018911_01FF3B_9ED8.manifest.s
 afe        0.6700507614213198
         182           0           0   2017.80412100457      
  S1A_IW_SLC__1SDV_20171021T120549_20171021T120616_018911_01FF3B_FAD0.manifest.s
 afe        0.6028708133971292
         183           0           0   2017.80412290715      
  S1A_IW_SLC__1SDV_20171021T120640_20171021T120707_018911_01FF3B_BFFB.manifest.s
 afe        0.6580310880829016
         184           1           0   2017.83699771690      
  S1A_IW_SLC__1SDV_20171102T120615_20171102T120642_019086_02048A_3F64.manifest.s
 afe        0.6345177664974619
         185           0           0   2017.83699771690      
  S1A_IW_SLC__1SDV_20171102T120549_20171102T120617_019086_02048A_3B42.manifest.s
 afe        0.6009615384615384
         186           0           0   2017.83699961948      
  S1A_IW_SLC__1SDV_20171102T120640_20171102T120707_019086_02048A_4D25.manifest.s
 afe        0.6632124352331607
         187           1           0   2017.90275114155      
  S1A_IW_SLC__1SDV_20171126T120615_20171126T120642_019436_020F89_2710.manifest.s
 afe        0.6345177664974619
         188           0           0   2017.90275114155      
  S1A_IW_SLC__1SDV_20171126T120549_20171126T120617_019436_020F89_D76B.manifest.s
 afe        0.6009615384615384
         189           0           0   2017.90275304414      
  S1A_IW_SLC__1SDV_20171126T120640_20171126T120706_019436_020F89_2ABE.manifest.s
 afe        0.6597938144329897
         190           1           0   2017.93562785388      
  S1A_IW_SLC__1SDV_20171208T120614_20171208T120641_019611_0214FC_8263.manifest.s
 afe        0.6345177664974619
         191           0           0   2017.93562785388      
  S1A_IW_SLC__1SDV_20171208T120548_20171208T120616_019611_0214FC_A518.manifest.s
 afe        0.6009615384615384
         192           0           0   2017.93562975647      
  S1A_IW_SLC__1SDV_20171208T120639_20171208T120706_019611_0214FC_58E3.manifest.s
 afe        0.6632124352331607
         193           1           0   2017.96850456621      
  S1A_IW_SLC__1SDV_20171220T120614_20171220T120641_019786_021A70_69B7.manifest.s
 afe        0.6345177664974619
         194           0           0   2017.96850456621      
  S1A_IW_SLC__1SDV_20171220T120548_20171220T120616_019786_021A70_FFF4.manifest.s
 afe        0.6009615384615384
         195           0           0   2017.96850646880      
  S1A_IW_SLC__1SDV_20171220T120639_20171220T120706_019786_021A70_82F6.manifest.s
 afe        0.6632124352331607
         196           1           0   2018.00138127854      
  S1A_IW_SLC__1SDV_20180101T120612_20180101T120640_019961_021FE1_E055.manifest.s
 afe        0.6700507614213198
         197           0           0   2018.00138127854      
  S1A_IW_SLC__1SDV_20180101T120547_20180101T120614_019961_021FE1_FC1F.manifest.s
 afe        0.6028708133971292
         198           0           0   2018.00138318113      
  S1A_IW_SLC__1SDV_20180101T120638_20180101T120705_019961_021FE1_5460.manifest.s
 afe        0.6580310880829016
         199           1           0   2018.03425799087      
  S1A_IW_SLC__1SDV_20180113T120613_20180113T120640_020136_022569_EFFE.manifest.s
 afe        0.6345177664974619
         200           0           0   2018.03425799087      
  S1A_IW_SLC__1SDV_20180113T120547_20180113T120615_020136_022569_ACE8.manifest.s
 afe        0.6009615384615384
         201           0           0   2018.03425989346      
  S1A_IW_SLC__1SDV_20180113T120638_20180113T120705_020136_022569_340C.manifest.s
 afe        0.6580310880829016
         202           1           0   2018.06713470320      
  S1A_IW_SLC__1SDV_20180125T120611_20180125T120639_020311_022AF6_CEDB.manifest.s
 afe        0.6700507614213198
         203           0           0   2018.06713470320      
  S1A_IW_SLC__1SDV_20180125T120547_20180125T120614_020311_022AF6_47B4.manifest.s
 afe        0.6028708133971292
         204           0           0   2018.06713660578      
  S1A_IW_SLC__1SDV_20180125T120637_20180125T120704_020311_022AF6_ADB5.manifest.s
 afe        0.6546391752577320
         205           1           0   2018.10001141553      
  S1A_IW_SLC__1SDV_20180206T120546_20180206T120614_020486_02308C_4561.manifest.s
 afe        0.6009615384615384
         206           0           0   2018.10001331811      
  S1A_IW_SLC__1SDV_20180206T120637_20180206T120704_020486_02308C_A241.manifest.s
 afe        0.6546391752577320
         207           1           0   2018.13288812785      
  S1A_IW_SLC__1SDV_20180218T120611_20180218T120639_020661_023622_A425.manifest.s
 afe        0.6700507614213198
         208           0           0   2018.13288812785      
  S1A_IW_SLC__1SDV_20180218T120546_20180218T120613_020661_023622_57B0.manifest.s
 afe        0.6028708133971292
         209           0           0   2018.13289003044      
  S1A_IW_SLC__1SDV_20180218T120637_20180218T120704_020661_023622_48C9.manifest.s
 afe        0.6546391752577320
         210           1           0   2018.16576484018      
  S1A_IW_SLC__1SDV_20180302T120612_20180302T120639_020836_023BAE_AC9C.manifest.s
 afe        0.6345177664974619
         211           0           0   2018.16576484018      
  S1A_IW_SLC__1SDV_20180302T120546_20180302T120614_020836_023BAE_469D.manifest.s
 afe        0.6009615384615384
         212           0           0   2018.16576674277      
  S1A_IW_SLC__1SDV_20180302T120637_20180302T120704_020836_023BAE_D98A.manifest.s
 afe        0.6546391752577320
         213           1           0   2018.19864155251      
  S1A_IW_SLC__1SDV_20180314T120612_20180314T120639_021011_02413B_F767.manifest.s
 afe        0.6345177664974619
         214           0           0   2018.19864155251      
  S1A_IW_SLC__1SDV_20180314T120546_20180314T120614_021011_02413B_224B.manifest.s
 afe        0.6009615384615384
         215           0           0   2018.19864345510      
  S1A_IW_SLC__1SDV_20180314T120637_20180314T120704_021011_02413B_7F7F.manifest.s
 afe        0.6632124352331607
         216           1           0   2018.23151826484      
  S1A_IW_SLC__1SDV_20180326T120612_20180326T120639_021186_0246CB_8853.manifest.s
 afe        0.6345177664974619
         217           0           0   2018.23151826484      
  S1A_IW_SLC__1SDV_20180326T120546_20180326T120614_021186_0246CB_7599.manifest.s
 afe        0.6009615384615384
         218           0           0   2018.23152016743      
  S1A_IW_SLC__1SDV_20180326T120637_20180326T120704_021186_0246CB_2608.manifest.s
 afe        0.6632124352331607
         219           1           0   2018.26439497717      
  S1A_IW_SLC__1SDV_20180407T120613_20180407T120640_021361_024C46_88F9.manifest.s
 afe        0.6345177664974619
         220           0           0   2018.26439497717      
  S1A_IW_SLC__1SDV_20180407T120547_20180407T120615_021361_024C46_DAA4.manifest.s
 afe        0.6009615384615384
         221           0           0   2018.26439687976      
  S1A_IW_SLC__1SDV_20180407T120637_20180407T120704_021361_024C46_DA2D.manifest.s
 afe        0.6580310880829016
         222           1           0   2018.29727168950      
  S1A_IW_SLC__1SDV_20180419T120613_20180419T120640_021536_0251BB_F46F.manifest.s
 afe        0.6345177664974619
         223           0           0   2018.29727168950      
  S1A_IW_SLC__1SDV_20180419T120547_20180419T120615_021536_0251BB_2BE4.manifest.s
 afe        0.6009615384615384
         224           0           0   2018.29727359209      
  S1A_IW_SLC__1SDV_20180419T120638_20180419T120705_021536_0251BB_087E.manifest.s
 afe        0.6580310880829016
         225           1           0   2018.33014840183      
  S1A_IW_SLC__1SDV_20180501T120614_20180501T120641_021711_02573C_D6D8.manifest.s
 afe        0.6345177664974619
         226           0           0   2018.33014840183      
  S1A_IW_SLC__1SDV_20180501T120548_20180501T120616_021711_02573C_A448.manifest.s
 afe        0.6009615384615384
         227           0           0   2018.33015030441      
  S1A_IW_SLC__1SDV_20180501T120638_20180501T120705_021711_02573C_CC5D.manifest.s
 afe        0.6580310880829016
         228           1           0   2018.36302511416      
  S1A_IW_SLC__1SDV_20180513T120614_20180513T120641_021886_025CD7_AB5A.manifest.s
 afe        0.6345177664974619
         229           0           0   2018.36302511416      
  S1A_IW_SLC__1SDV_20180513T120548_20180513T120616_021886_025CD7_E7E8.manifest.s
 afe        0.6009615384615384
         230           0           0   2018.36302701674      
  S1A_IW_SLC__1SDV_20180513T120639_20180513T120706_021886_025CD7_A8B2.manifest.s
 afe        0.6580310880829016
         231           1           0   2018.39590182648      
  S1A_IW_SLC__1SDV_20180525T120615_20180525T120642_022061_02625F_9999.manifest.s
 afe        0.6345177664974619
         232           0           0   2018.39590182648      
  S1A_IW_SLC__1SDV_20180525T120549_20180525T120617_022061_02625F_DC15.manifest.s
 afe        0.6009615384615384
         233           0           0   2018.39590372907      
  S1A_IW_SLC__1SDV_20180525T120640_20180525T120707_022061_02625F_DCA4.manifest.s
 afe        0.6580310880829016
         234           1           0   2018.42877853881      
  S1A_IW_SLC__1SDV_20180606T120616_20180606T120643_022236_0267DF_3FA8.manifest.s
 afe        0.6345177664974619
         235           0           0   2018.42877853881      
  S1A_IW_SLC__1SDV_20180606T120550_20180606T120618_022236_0267DF_14DD.manifest.s
 afe        0.6057692307692307
         236           0           0   2018.42878044140      
  S1A_IW_SLC__1SDV_20180606T120640_20180606T120707_022236_0267DF_E066.manifest.s
 afe        0.6632124352331607
         237           1           0   2018.46165525114      
  S1A_IW_SLC__1SDV_20180618T120616_20180618T120643_022411_026D46_621E.manifest.s
 afe        0.6345177664974619
         238           0           0   2018.46165525114      
  S1A_IW_SLC__1SDV_20180618T120551_20180618T120619_022411_026D46_C949.manifest.s
 afe        0.6009615384615384
         239           0           0   2018.46165715373      
  S1A_IW_SLC__1SDV_20180618T120641_20180618T120708_022411_026D46_27BD.manifest.s
 afe        0.6632124352331607
         240           1           0   2018.49453196347      
  S1A_IW_SLC__1SDV_20180630T120617_20180630T120644_022586_02725D_57F5.manifest.s
 afe        0.6345177664974619
         241           0           0   2018.49453196347      
  S1A_IW_SLC__1SDV_20180630T120551_20180630T120619_022586_02725D_B9A8.manifest.s
 afe        0.6009615384615384
         242           0           0   2018.49453386606      
  S1A_IW_SLC__1SDV_20180630T120642_20180630T120709_022586_02725D_325C.manifest.s
 afe        0.6580310880829016
         243           1           0   2018.52740867580      
  S1A_IW_SLC__1SDV_20180712T120618_20180712T120645_022761_02778E_CF5E.manifest.s
 afe        0.6345177664974619
         244           0           0   2018.52740867580      
  S1A_IW_SLC__1SDV_20180712T120552_20180712T120620_022761_02778E_976B.manifest.s
 afe        0.6009615384615384
         245           0           0   2018.52741057839      
  S1A_IW_SLC__1SDV_20180712T120643_20180712T120709_022761_02778E_58EB.manifest.s
 afe        0.6632124352331607
         246           1           0   2018.56028538813      
  S1A_IW_SLC__1SDV_20180724T120619_20180724T120645_022936_027D11_857E.manifest.s
 afe        0.6345177664974619
         247           0           0   2018.56028538813      
  S1A_IW_SLC__1SDV_20180724T120553_20180724T120621_022936_027D11_545A.manifest.s
 afe        0.6009615384615384
         248           0           0   2018.56028729072      
  S1A_IW_SLC__1SDV_20180724T120643_20180724T120710_022936_027D11_1BD7.manifest.s
 afe        0.6580310880829016
         249           1           0   2018.59316210046      
  S1A_IW_SLC__1SDV_20180805T120619_20180805T120646_023111_028289_C594.manifest.s
 afe        0.6345177664974619
         250           0           0   2018.59316210046      
  S1A_IW_SLC__1SDV_20180805T120553_20180805T120621_023111_028289_FF4F.manifest.s
 afe        0.6009615384615384
         251           0           0   2018.59316400304      
  S1A_IW_SLC__1SDV_20180805T120644_20180805T120711_023111_028289_3208.manifest.s
 afe        0.6580310880829016
         252           1           0   2018.62603881279      
  S1A_IW_SLC__1SDV_20180817T120620_20180817T120647_023286_028835_6608.manifest.s
 afe        0.6345177664974619
         253           0           0   2018.62603881279      
  S1A_IW_SLC__1SDV_20180817T120554_20180817T120622_023286_028835_13BC.manifest.s
 afe        0.6009615384615384
         254           0           0   2018.62604071537      
  S1A_IW_SLC__1SDV_20180817T120645_20180817T120712_023286_028835_E532.manifest.s
 afe        0.6580310880829016
         255           1           0   2018.65891552511      
  S1A_IW_SLC__1SDV_20180829T120621_20180829T120648_023461_028DC3_B05C.manifest.s
 afe        0.6345177664974619
         256           0           0   2018.65891552511      
  S1A_IW_SLC__1SDV_20180829T120555_20180829T120623_023461_028DC3_C569.manifest.s
 afe        0.6009615384615384
         257           0           0   2018.65891742770      
  S1A_IW_SLC__1SDV_20180829T120645_20180829T120712_023461_028DC3_6435.manifest.s
 afe        0.6580310880829016
         258           1           0   2018.69179223744      
  S1A_IW_SLC__1SDV_20180910T120621_20180910T120648_023636_02935F_F5FA.manifest.s
 afe        0.6345177664974619
         259           0           0   2018.69179223744      
  S1A_IW_SLC__1SDV_20180910T120555_20180910T120623_023636_02935F_029B.manifest.s
 afe        0.6009615384615384
         260           0           0   2018.69179414003      
  S1A_IW_SLC__1SDV_20180910T120646_20180910T120713_023636_02935F_A9F6.manifest.s
 afe        0.6580310880829016
         261           1           0   2018.72466894977      
  S1A_IW_SLC__1SDV_20180922T120621_20180922T120648_023811_02990F_9B85.manifest.s
 afe        0.6345177664974619
         262           0           0   2018.72466894977      
  S1A_IW_SLC__1SDV_20180922T120556_20180922T120624_023811_02990F_8283.manifest.s
 afe        0.6009615384615384
         263           0           0   2018.72467085236      
  S1A_IW_SLC__1SDV_20180922T120646_20180922T120713_023811_02990F_6662.manifest.s
 afe        0.6580310880829016
         264           1           0   2018.75754566210      
  S1A_IW_SLC__1SDV_20181004T120622_20181004T120648_023986_029EC8_E1AC.manifest.s
 afe        0.6345177664974619
         265           0           0   2018.75754566210      
  S1A_IW_SLC__1SDV_20181004T120556_20181004T120624_023986_029EC8_A595.manifest.s
 afe        0.6009615384615384
         266           0           0   2018.75754756469      
  S1A_IW_SLC__1SDV_20181004T120646_20181004T120713_023986_029EC8_1974.manifest.s
 afe        0.6580310880829016
         267           1           0   2018.79042237443      
  S1A_IW_SLC__1SDV_20181016T120622_20181016T120649_024161_02A47A_3F1B.manifest.s
 afe        0.6345177664974619
         268           0           0   2018.79042237443      
  S1A_IW_SLC__1SDV_20181016T120556_20181016T120624_024161_02A47A_6DE9.manifest.s
 afe        0.6009615384615384
         269           0           0   2018.79042427702      
  S1A_IW_SLC__1SDV_20181016T120647_20181016T120714_024161_02A47A_E58B.manifest.s
 afe        0.6546391752577320
         270           1           0   2018.82329908676      
  S1A_IW_SLC__1SDV_20181028T120622_20181028T120649_024336_02AA1D_6531.manifest.s
 afe        0.6345177664974619
         271           0           0   2018.82329908676      
  S1A_IW_SLC__1SDV_20181028T120556_20181028T120624_024336_02AA1D_D7E2.manifest.s
 afe        0.6009615384615384
         272           0           0   2018.82330098935      
  S1A_IW_SLC__1SDV_20181028T120647_20181028T120714_024336_02AA1D_AEA7.manifest.s
 afe        0.6546391752577320
         273           1           0   2018.85617579909      
  S1A_IW_SLC__1SDV_20181109T120622_20181109T120649_024511_02B04D_E5B7.manifest.s
 afe        0.6345177664974619
         274           0           0   2018.85617579909      
  S1A_IW_SLC__1SDV_20181109T120556_20181109T120624_024511_02B04D_129A.manifest.s
 afe        0.6009615384615384
         275           0           0   2018.85617770167      
  S1A_IW_SLC__1SDV_20181109T120646_20181109T120713_024511_02B04D_6E6B.manifest.s
 afe        0.6580310880829016
         276           1           0   2018.88905251142      
  S1A_IW_SLC__1SDV_20181121T120621_20181121T120648_024686_02B6BF_BF3C.manifest.s
 afe        0.6345177664974619
         277           0           0   2018.88905251142      
  S1A_IW_SLC__1SDV_20181121T120556_20181121T120624_024686_02B6BF_5A89.manifest.s
 afe        0.6009615384615384
         278           0           0   2018.88905441400      
  S1A_IW_SLC__1SDV_20181121T120646_20181121T120713_024686_02B6BF_51A9.manifest.s
 afe        0.6580310880829016
         279           1           0   2018.92192922374      
  S1A_IW_SLC__1SDV_20181203T120621_20181203T120648_024861_02BCD8_6E54.manifest.s
 afe        0.6345177664974619
         280           0           0   2018.92192922374      
  S1A_IW_SLC__1SDV_20181203T120555_20181203T120623_024861_02BCD8_05C1.manifest.s
 afe        0.6009615384615384
         281           0           0   2018.92193112633      
  S1A_IW_SLC__1SDV_20181203T120646_20181203T120713_024861_02BCD8_9F62.manifest.s
 afe        0.6580310880829016
         282           1           0   2018.95480593607      
  S1A_IW_SLC__1SDV_20181215T120620_20181215T120647_025036_02C2FF_21BF.manifest.s
 afe        0.6345177664974619
         283           0           0   2018.95480593607      
  S1A_IW_SLC__1SDV_20181215T120555_20181215T120622_025036_02C2FF_EEBF.manifest.s
 afe        0.6009615384615384
         284           0           0   2018.95480783866      
  S1A_IW_SLC__1SDV_20181215T120645_20181215T120712_025036_02C2FF_9667.manifest.s
 afe        0.6632124352331607
         285           1           0   2018.98768264840      
  S1A_IW_SLC__1SDV_20181227T120620_20181227T120647_025211_02C956_014C.manifest.s
 afe        0.6345177664974619
         286           0           0   2018.98768264840      
  S1A_IW_SLC__1SDV_20181227T120554_20181227T120622_025211_02C956_6FE1.manifest.s
 afe        0.6009615384615384
         287           0           0   2018.98768455099      
  S1A_IW_SLC__1SDV_20181227T120645_20181227T120712_025211_02C956_7FCA.manifest.s
 afe        0.6597938144329897
         288           1           0   2019.02055936073      
  S1A_IW_SLC__1SDV_20190108T120619_20190108T120646_025386_02CFA8_62D0.manifest.s
 afe        0.6345177664974619
         289           0           0   2019.02055936073      
  S1A_IW_SLC__1SDV_20190108T120554_20190108T120622_025386_02CFA8_8F37.manifest.s
 afe        0.6009615384615384
         290           0           0   2019.02056126332      
  S1A_IW_SLC__1SDV_20190108T120644_20190108T120711_025386_02CFA8_CA9C.manifest.s
 afe        0.6580310880829016
         291           1           0   2019.05343607306      
  S1A_IW_SLC__1SDV_20190120T120619_20190120T120646_025561_02D602_2777.manifest.s
 afe        0.6345177664974619
         292           0           0   2019.05343607306      
  S1A_IW_SLC__1SDV_20190120T120554_20190120T120621_025561_02D602_4814.manifest.s
 afe        0.6009615384615384
         293           0           0   2019.05343797565      
  S1A_IW_SLC__1SDV_20190120T120644_20190120T120711_025561_02D602_8F30.manifest.s
 afe        0.6580310880829016
         294           1           0   2019.08631278539      
  S1A_IW_SLC__1SDV_20190201T120619_20190201T120646_025736_02DC62_23C6.manifest.s
 afe        0.6345177664974619
         295           0           0   2019.08631278539      
  S1A_IW_SLC__1SDV_20190201T120553_20190201T120621_025736_02DC62_B6D5.manifest.s
 afe        0.6009615384615384
         296           0           0   2019.08631468798      
  S1A_IW_SLC__1SDV_20190201T120644_20190201T120711_025736_02DC62_CFB7.manifest.s
 afe        0.6632124352331607
         297           1           0   2019.11918949772      
  S1A_IW_SLC__1SDV_20190213T120618_20190213T120645_025911_02E292_CA20.manifest.s
 afe        0.6345177664974619
         298           0           0   2019.11918949772      
  S1A_IW_SLC__1SDV_20190213T120553_20190213T120621_025911_02E292_C7D3.manifest.s
 afe        0.6009615384615384
         299           0           0   2019.11919140030      
  S1A_IW_SLC__1SDV_20190213T120643_20190213T120710_025911_02E292_466C.manifest.s
 afe        0.6546391752577320
         300           1           0   2019.15206621005      
  S1A_IW_SLC__1SDV_20190225T120618_20190225T120645_026086_02E8D9_55DD.manifest.s
 afe        0.6345177664974619
         301           0           0   2019.15206621005      
  S1A_IW_SLC__1SDV_20190225T120553_20190225T120621_026086_02E8D9_A6E2.manifest.s
 afe        0.6009615384615384
         302           0           0   2019.15206811263      
  S1A_IW_SLC__1SDV_20190225T120643_20190225T120710_026086_02E8D9_1AA8.manifest.s
 afe        0.6597938144329897
         303           1           0   2019.18494292238      
  S1A_IW_SLC__1SDV_20190309T120618_20190309T120645_026261_02EF29_4C8D.manifest.s
 afe        0.6345177664974619
         304           0           0   2019.18494292238      
  S1A_IW_SLC__1SDV_20190309T120553_20190309T120621_026261_02EF29_B3CC.manifest.s
 afe        0.6009615384615384
         305           0           0   2019.18494482496      
  S1A_IW_SLC__1SDV_20190309T120643_20190309T120710_026261_02EF29_CA08.manifest.s
 afe        0.6597938144329897
         306           1           0   2019.21781963470      
  S1A_IW_SLC__1SDV_20190321T120619_20190321T120646_026436_02F598_FC76.manifest.s
 afe        0.6345177664974619
         307           0           0   2019.21781963470      
  S1A_IW_SLC__1SDV_20190321T120553_20190321T120621_026436_02F598_110C.manifest.s
 afe        0.6009615384615384
         308           0           0   2019.21782153729      
  S1A_IW_SLC__1SDV_20190321T120643_20190321T120710_026436_02F598_46A8.manifest.s
 afe        0.6597938144329897
         309           1           0   2019.25069634703      
  S1A_IW_SLC__1SDV_20190402T120619_20190402T120646_026611_02FC10_0AAF.manifest.s
 afe        0.6345177664974619
         310           0           0   2019.25069634703      
  S1A_IW_SLC__1SDV_20190402T120553_20190402T120621_026611_02FC10_BDBE.manifest.s
 afe        0.6009615384615384
         311           0           0   2019.25069824962      
  S1A_IW_SLC__1SDV_20190402T120644_20190402T120711_026611_02FC10_D72D.manifest.s
 afe        0.6597938144329897
         312           1           0   2019.28357305936      
  S1A_IW_SLC__1SDV_20190414T120619_20190414T120646_026786_030276_1F4B.manifest.s
 afe        0.6345177664974619
         313           0           0   2019.28357305936      
  S1A_IW_SLC__1SDV_20190414T120553_20190414T120621_026786_030276_0C71.manifest.s
 afe        0.6009615384615384
         314           0           0   2019.28357496195      
  S1A_IW_SLC__1SDV_20190414T120644_20190414T120711_026786_030276_76F2.manifest.s
 afe        0.6580310880829016
         315           1           0   2019.31644977169      
  S1A_IW_SLC__1SDV_20190426T120620_20190426T120647_026961_0308C7_7FAD.manifest.s
 afe        0.6345177664974619
         316           0           0   2019.31644977169      
  S1A_IW_SLC__1SDV_20190426T120554_20190426T120622_026961_0308C7_4744.manifest.s
 afe        0.6009615384615384
         317           0           0   2019.31645167428      
  S1A_IW_SLC__1SDV_20190426T120645_20190426T120712_026961_0308C7_1780.manifest.s
 afe        0.6597938144329897
         318           1           0   2019.34932648402      
  S1A_IW_SLC__1SDV_20190508T120620_20190508T120647_027136_030F08_6D42.manifest.s
 afe        0.6345177664974619
         319           0           0   2019.34932648402      
  S1A_IW_SLC__1SDV_20190508T120554_20190508T120622_027136_030F08_CA49.manifest.s
 afe        0.6057692307692307
         320           0           0   2019.34932838661      
  S1A_IW_SLC__1SDV_20190508T120645_20190508T120712_027136_030F08_1694.manifest.s
 afe        0.6632124352331607
         321           1           0   2019.38220319635      
  S1A_IW_SLC__1SDV_20190520T120621_20190520T120648_027311_031480_10D8.manifest.s
 afe        0.6345177664974619
         322           0           0   2019.38220319635      
  S1A_IW_SLC__1SDV_20190520T120555_20190520T120623_027311_031480_BFF8.manifest.s
 afe        0.6009615384615384
         323           0           0   2019.38220509893      
  S1A_IW_SLC__1SDV_20190520T120646_20190520T120713_027311_031480_310F.manifest.s
 afe        0.6632124352331607
         324           1           0   2019.41507990868      
  S1A_IW_SLC__1SDV_20190601T120621_20190601T120648_027486_0319F2_21CC.manifest.s
 afe        0.6345177664974619
         325           0           0   2019.41507990868      
  S1A_IW_SLC__1SDV_20190601T120556_20190601T120623_027486_0319F2_4A28.manifest.s
 afe        0.6009615384615384
         326           0           0   2019.41508181126      
  S1A_IW_SLC__1SDV_20190601T120646_20190601T120713_027486_0319F2_C244.manifest.s
 afe        0.6632124352331607
         327           1           0   2019.44795662101      
  S1A_IW_SLC__1SDV_20190613T120622_20190613T120649_027661_031F43_39DF.manifest.s
 afe        0.6345177664974619
         328           0           0   2019.44795662101      
  S1A_IW_SLC__1SDV_20190613T120556_20190613T120624_027661_031F43_2D0A.manifest.s
 afe        0.6009615384615384
         329           0           0   2019.44795852359      
  S1A_IW_SLC__1SDV_20190613T120647_20190613T120714_027661_031F43_9E49.manifest.s
 afe        0.6632124352331607
         330           1           0   2019.48083333333      
  S1A_IW_SLC__1SDV_20190625T120623_20190625T120650_027836_03247A_F8C4.manifest.s
 afe        0.6345177664974619
         331           0           0   2019.48083333333      
  S1A_IW_SLC__1SDV_20190625T120557_20190625T120625_027836_03247A_C98D.manifest.s
 afe        0.6009615384615384
         332           0           0   2019.48083523592      
  S1A_IW_SLC__1SDV_20190625T120647_20190625T120714_027836_03247A_5D25.manifest.s
 afe        0.6632124352331607
