2014.79 -0.000000000000 S1_20141015_ALL_F1 2014287.0348563711
2014.85 78.658465962370 S1_20141108_ALL_F1 2014311.0348536836
2014.92 73.804024003648 S1_20141202_ALL_F1 2014335.0348482539
2015.05 83.122753390508 S1_20150119_ALL_F1 2015018.0348288198
2015.18 108.589245870634 S1_20150308_ALL_F1 2015066.0348244852
2015.25 14.526113619683 S1_20150401_ALL_F1 2015090.0348291919
2015.31 -74.333604323792 S1_20150425_ALL_F1 2015114.0348403831
2015.38 60.071046434954 S1_20150519_ALL_F1 2015138.0348569721
2015.44 76.226118518677 S1_20150612_ALL_F1 2015162.0348758728
2015.64 67.543909315207 S1_20150823_ALL_F1 2015234.0349130319
2015.71 -8.135011496107 S1_20150916_ALL_F1 2015258.0349213465
2015.74 51.029976655333 S1_20150928_ALL_F1 2015270.0349256946
2015.87 82.526347646043 S1_20151115_ALL_F1 2015318.0349241013
2015.94 144.132099809681 S1_20151209_ALL_F1 2015342.0349175890
2016 48.785580722792 S1_20160102_ALL_F1 2016001.0349065266
2016.07 15.598574680520 S1_20160126_ALL_F1 2016025.0348953111
2016.13 54.100402484583 S1_20160219_ALL_F1 2016049.0348931497
2016.2 -24.798070316172 S1_20160314_ALL_F1 2016073.0348949414
2016.27 84.762670151041 S1_20160407_ALL_F1 2016097.0349029107
2016.33 17.147866683574 S1_20160501_ALL_F1 2016121.0349156596
2016.4 29.936354321662 S1_20160525_ALL_F1 2016145.0349300771
2016.59 124.124347288665 S1_20160805_ALL_F1 2016217.0349804878
2016.66 -14.955266870215 S1_20160829_ALL_F1 2016241.0349907614
2016.73 47.679631858718 S1_20160922_ALL_F1 2016265.0350014800
2016.76 91.871848023921 S1_20161004_ALL_F1 2016277.0350035070
2016.79 62.140101230434 S1_20161016_ALL_F1 2016289.0350037790
2016.82 85.028744878853 S1_20161028_ALL_F1 2016301.0350052633
2016.86 48.120639019701 S1_20161109_ALL_F1 2016313.0350025177
2016.89 47.553699941373 S1_20161121_ALL_F1 2016325.0350005941
2016.92 115.230410565200 S1_20161203_ALL_F1 2016337.0349964863
2016.96 107.731774137409 S1_20161215_ALL_F1 2016349.0349906464
2016.99 102.220508557137 S1_20161227_ALL_F1 2016361.0349868541
2017.02 12.075707292012 S1_20170108_ALL_F1 2017007.0349692835
2017.05 -40.132528788955 S1_20170120_ALL_F1 2017019.0349638867
2017.08 22.376901602108 S1_20170201_ALL_F1 2017031.0349620259
2017.12 108.471047059554 S1_20170213_ALL_F1 2017043.0349590613
2017.18 -7.105442235995 S1_20170309_ALL_F1 2017067.0349580843
2017.22 -53.521900372374 S1_20170321_ALL_F1 2017079.0349608730
2017.25 -10.103248702581 S1_20170402_ALL_F1 2017091.0349652665
2017.28 51.394482946947 S1_20170414_ALL_F1 2017103.0349709645
2017.35 109.233470271720 S1_20170508_ALL_F1 2017127.0349859917
2017.38 33.789369246137 S1_20170520_ALL_F1 2017139.0349925703
2017.41 -60.811964805860 S1_20170601_ALL_F1 2017151.0349992628
2017.45 35.102112434532 S1_20170613_ALL_F1 2017163.0350085886
2017.48 90.376886644947 S1_20170625_ALL_F1 2017175.0350171651
2017.58 40.000959070541 S1_20170731_ALL_F1 2017211.0350411008
2017.61 34.392168233472 S1_20170812_ALL_F1 2017223.0350477414
2017.64 74.586452703795 S1_20170824_ALL_F1 2017235.0350550339
2017.68 45.989009411845 S1_20170905_ALL_F1 2017247.0350598264
2017.71 72.757805947008 S1_20170917_ALL_F1 2017259.0350658121
2017.74 18.776375562699 S1_20170929_ALL_F1 2017271.0350689779
2017.81 80.157802535633 S1_20171023_ALL_F1 2017295.0350728405
2017.84 101.650690786598 S1_20171104_ALL_F1 2017307.0350722165
2017.91 16.832022572351 S1_20171128_ALL_F1 2017331.0350662621
2017.94 -18.497160413555 S1_20171210_ALL_F1 2017343.0350596830
2018.01 67.656746371193 S1_20180103_ALL_F1 2018002.0350473695
2018.04 93.907903871630 S1_20180115_ALL_F1 2018014.0350443262
2018.07 -5.334386407990 S1_20180127_ALL_F1 2018026.0350399318
2018.1 30.720453674859 S1_20180208_ALL_F1 2018038.0350374514
2018.14 35.471005912992 S1_20180220_ALL_F1 2018050.0350342498
2018.17 56.153394848605 S1_20180304_ALL_F1 2018062.0350343164
2018.27 -41.492877255645 S1_20180409_ALL_F1 2018098.0350424480
2018.3 -80.671281995188 S1_20180421_ALL_F1 2018110.0350473046
2018.33 5.522351295809 S1_20180503_ALL_F1 2018122.0350532776
2018.4 39.901850360384 S1_20180527_ALL_F1 2018146.0350697166
2018.43 -36.701246429890 S1_20180608_ALL_F1 2018158.0350777034
2018.47 -53.724010871326 S1_20180620_ALL_F1 2018170.0350867498
2018.5 -15.950370125622 S1_20180702_ALL_F1 2018182.0350934470
2018.53 42.288869404759 S1_20180714_ALL_F1 2018194.0351023749
2018.56 13.535022689808 S1_20180726_ALL_F1 2018206.0351109260
2018.6 11.715156076630 S1_20180807_ALL_F1 2018218.0351185950
2018.63 -27.394709263938 S1_20180819_ALL_F1 2018230.0351271390
2018.66 53.761405592628 S1_20180831_ALL_F1 2018242.0351359360
2018.7 4.445698913717 S1_20180912_ALL_F1 2018254.0351404832
2018.73 42.319485065969 S1_20180924_ALL_F1 2018266.0351442411
2018.76 -8.070165555065 S1_20181006_ALL_F1 2018278.0351462737
2018.79 46.368400769942 S1_20181018_ALL_F1 2018290.0351502234
2018.83 58.253898708631 S1_20181030_ALL_F1 2018302.0351491251
2018.86 102.424344996399 S1_20181111_ALL_F1 2018314.0351463463
2018.89 79.991586732064 S1_20181123_ALL_F1 2018326.0351429426
2018.93 120.092461998663 S1_20181205_ALL_F1 2018338.0351397018
2018.96 -38.399435642843 S1_20181217_ALL_F1 2018350.0351320794
2018.99 49.427558039796 S1_20181229_ALL_F1 2018362.0351289941
2019.02 41.119225401391 S1_20190110_ALL_F1 2019009.0351212320
2019.06 128.802764087983 S1_20190122_ALL_F1 2019021.0351189415
2019.09 127.912305784599 S1_20190203_ALL_F1 2019033.0351142632
2019.16 42.154414265024 S1_20190227_ALL_F1 2019057.0351105570
2019.19 59.585646811571 S1_20190311_ALL_F1 2019069.0351096911
2019.22 100.477975966413 S1_20190323_ALL_F1 2019081.0351115172
2019.32 71.823744523704 S1_20190428_ALL_F1 2019117.0351265995
2019.42 90.729747480181 S1_20190603_ALL_F1 2019153.0351440427
2019.62 71.178871291339 S1_20190814_ALL_F1 2019225.0351971905
2019.65 27.670538465729 S1_20190826_ALL_F1 2019237.0352032571
2019.68 3.198105340145 S1_20190907_ALL_F1 2019249.0352097952
2019.71 7.371101400696 S1_20190919_ALL_F1 2019261.0352142018
2019.78 21.953511935489 S1_20191013_ALL_F1 2019285.0352207581
2019.85 48.209655374717 S1_20191106_ALL_F1 2019309.0352216789
2019.88 72.251190878046 S1_20191118_ALL_F1 2019321.0352199969
2019.91 109.496792585908 S1_20191130_ALL_F1 2019333.0352149850
2019.94 100.837360464802 S1_20191212_ALL_F1 2019345.0352103536
2019.98 87.640377920618 S1_20191224_ALL_F1 2019357.0352049572
2020.01 12.139623650370 S1_20200105_ALL_F1 2020004.0351985090
2020.04 -2.373263288497 S1_20200117_ALL_F1 2020016.0351924361
2020.08 36.387454786661 S1_20200129_ALL_F1 2020028.0351878512
2020.11 137.908105192699 S1_20200210_ALL_F1 2020040.0351845238
2020.14 77.524437625484 S1_20200222_ALL_F1 2020052.0351820916
2020.18 24.491564811316 S1_20200305_ALL_F1 2020064.0351825492
2016.74 80.959394427639 S1_20160928_ALL_F1 2016271.0345172586
2016.77 60.590241644754 S1_20161010_ALL_F1 2016283.0345179215
2016.84 101.452358162885 S1_20161103_ALL_F1 2016307.0345172505
2016.91 57.072936359633 S1_20161127_ALL_F1 2016331.0345117331
2016.97 63.738552061554 S1_20161221_ALL_F1 2016355.0345031666
2017.04 137.604681983387 S1_20170114_ALL_F1 2017013.0344812355
2017.1 29.591414291110 S1_20170207_ALL_F1 2017037.0344742131
