2014289 289
2014313 313
2014337 337
2014361 361
2015020 385
2015044 409
2015068 433
2015092 457
2015140 505
2015164 529
2015188 553
2015212 577
2015236 601
2015260 625
2015284 649
2015332 697
2015356 721
2016039 769
2016063 793
2016087 817
2016111 841
2016135 865
2016159 889
2016207 937
2016231 961
2016255 985
2016279 1009
2016303 1033
2016327 1057
2016351 1081
2017009 1104
2017033 1128
2017045 1140
2017057 1152
2017069 1164
2017093 1188
2017105 1200
2017129 1224
2017141 1236
2017153 1248
2017165 1260
2017177 1272
2017189 1284
2017201 1296
2017213 1308
2017225 1320
2017237 1332
2017261 1356
2017285 1380
2017297 1392
2017309 1404
2017321 1416
2017333 1428
2017345 1440
2017357 1452
2018004 1464
2018016 1476
2018028 1488
2018040 1500
2018052 1512
2018064 1524
2018076 1536
2018088 1548
2018100 1560
2018112 1572
2018124 1584
2018136 1596
2018148 1608
2018160 1620
2018172 1632
2018184 1644
2018196 1656
2018208 1668
2018220 1680
2018232 1692
2018244 1704
2018256 1716
2018268 1728
2018280 1740
2018292 1752
2018304 1764
2018316 1776
2018328 1788
2018340 1800
2018352 1812
2018364 1824
2019011 1836
2019023 1848
2019035 1860
2019047 1872
2019059 1884
2019071 1896
2019083 1908
2019095 1920
2019119 1944
2019131 1956
2019143 1968
2019155 1980
2019167 1992
2019179 2004
2019191 2016
2019203 2028
2019215 2040
2019227 2052
2019239 2064
2019251 2076
2019263 2088
2019287 2112
2019299 2124
2019311 2136
2019323 2148
2019335 2160
2019347 2172
2019359 2184
2020006 2196
2020018 2208
2020030 2220
2020042 2232
2020054 2244
2020066 2256
2020078 2268
2020090 2280
2020102 2292
2020114 2304
2020126 2316
2020138 2328
2020150 2340
2020162 2352
2020174 2364
2020186 2376
2020198 2388
2020210 2400
2020222 2412
2020234 2424
2020246 2436
2020258 2448
2020270 2460
2020282 2472
2020294 2484
2020306 2496
2020318 2508
2020342 2532
2020354 2544
2021000 2555
2021012 2567
2021024 2579
2021036 2591
2021048 2603
2021072 2627
2021084 2639
2021096 2651
2021108 2663
2021120 2675
2021132 2687
2021144 2699
2021156 2711
2021168 2723
2021180 2735
2021192 2747
2021204 2759
2021216 2771
