     0.4034    1.1244    2.7873
 1site,2lon,3lat,4vU,5vU_interp,6vU_interp_sig
P544_CGP -119.7380   35.7313   -4.70    1.35    0.27
VNCO_CGP -119.2377   34.2758   -4.60   -0.38    0.31
P477_CGP -117.1134   33.5028   -4.40   -0.24    0.26
WHC1_CGP -118.0312   33.9799   -4.00   -0.36    0.23
MHMS_CGP -118.2441   33.9391   -3.70   -1.54    0.22
HOLP_CGP -118.1682   33.9245   -3.50   -1.50    0.22
HARV_CGP -120.6821   34.4694   -3.30    0.00    0.00
P506_CGP -115.5102   33.0814   -3.30   -0.49    0.35
BGIS_CGP -118.1597   33.9671   -3.20   -2.05    0.24
P486_CGP -116.3223   33.2602   -3.20    0.26    0.32
ELSC_CGP -118.2084   34.0297   -2.90   -1.30    0.22
TOST_CGP -118.8367   34.2480   -2.60    0.19    0.31
LPHS_CGP -117.9567   34.0268   -2.50   -1.07    0.26
P509_CGP -115.2939   32.8907   -2.30   -0.71    0.40
ELLY_CGP -118.1288   33.5835   -2.20   -1.02    0.23
WNRA_CGP -118.0593   34.0432   -2.20   -1.18    0.24
PLO3_CGP -117.2430   32.6654   -2.10   -1.48    0.88
USC1_CGP -118.2851   34.0239   -2.10   -0.77    0.22
IID2_CGP -115.0318   32.7062   -2.00   -0.57    0.31
LINJ_CGP -118.1392   34.6620   -2.00    0.33    0.25
CCCO_CGP -118.2112   33.8763   -1.90   -1.09    0.26
IVCO_CGP -115.5068   32.8294   -1.80    0.56    0.34
CVHS_CGP -117.9017   34.0820   -1.70   -0.92    0.27
P475_CGP -117.2439   32.6664   -1.70   -1.59    0.36
P502_CGP -115.4219   32.9825   -1.70   -1.37    0.38
WGPP_CGP -118.9837   35.0108   -1.70    1.27    0.34
P302_CGP -120.6186   36.6347   -1.60    0.85    0.30
PTEX_CGP -116.5212   32.2885   -1.60   -0.78    0.43
FVPK_CGP -117.9357   33.6623   -1.50   -1.31    0.16
GVRS_CGP -118.1129   34.0474   -1.50   -1.32    0.21
SGHS_CGP -118.1090   34.0886   -1.50   -0.37    0.21
VYAS_CGP -117.9920   34.0309   -1.50   -1.69    0.25
WCHS_CGP -117.9111   34.0619   -1.50   -1.13    0.26
HBCO_CGP -118.2858   33.7836   -1.40   -0.10    0.32
HW62_CGP -114.8447   34.0650   -1.40   -0.49    0.46
PHJX_CGP -115.5505   32.4901   -1.40   -0.39    0.27
P527_CGP -120.6048   35.7541   -1.30    0.70    0.18
P796_CGP -114.7593   32.4979   -1.30   -0.23    0.43
VDCY_CGP -118.2200   34.1786   -1.30    0.18    0.25
CCCS_CGP -117.8649   33.8627   -1.20   -0.37    0.23
DLUZ_CGP -117.3072   33.4306   -1.20   -0.74    0.30
FMTP_CGP -118.8941   34.4099   -1.20    0.14    0.26
FXHS_CGP -118.3595   34.0806   -1.20   -0.09    0.25
ACSB_CGP -117.4449   33.2743   -1.10   -0.71    0.47
BILL_CGP -117.0646   33.5782   -1.10   -1.84    0.27
CIC1_CGP -116.6658   31.8707   -1.10   -0.40    0.65
CLBD_CGP -117.3110   33.1354   -1.10   -0.61    0.48
LASC_CGP -118.3065   33.9279   -1.10   -0.42    0.25
LOMP_CGP -120.4466   34.6909   -1.10    0.06    0.43
SONG_CGP -117.5603   33.3807   -1.10   -0.90    0.48
BMRY_CGP -116.9847   33.9627   -1.00    1.15    0.28
DESC_CGP -116.6418   32.8299   -1.00   -0.51    0.38
LGWD_CGP -117.7645   33.6406   -1.00   -0.49    0.31
P556_CGP -118.5455   34.7711   -1.00    1.01    0.31
RTHS_CGP -117.3533   34.0891   -1.00    0.38    0.27
AR27_CGP -117.3249   33.3418   -0.90   -0.75    0.34
AR53_CGP -117.4765   33.3811   -0.90   -1.00    0.41
AZU1_CGP -117.8965   34.1260   -0.90   -0.39    0.26
CAT2_CGP -118.3338   33.3116   -0.90   -0.80    0.29
CAT1_CGP -118.4830   33.4458   -0.30   -1.06    0.24
SBCC_CGP -117.6615   33.5530   -0.90   -0.56    0.33
SOMT_CGP -119.0643   34.3199   -0.90   -1.15    0.35
TWMS_CGP -117.7255   33.9725   -0.90   -0.32    0.23
VTOR_CGP -117.1932   33.2250   -0.90   -0.65    0.34
BAR1_CGP -119.0297   33.4805   -0.80   -0.46    0.24
OEOC_CGP -117.7441   33.7659   -0.80   -0.74    0.21
P066_CGP -116.1698   32.6165   -0.80   -0.26    0.33
P473_CGP -116.9495   32.7338   -0.80   -0.64    0.47
P505_CGP -115.6870   33.4239   -0.80   -0.32    0.36
P623_CGP -114.5994   34.1889   -0.80    0.09    0.48
POTR_CGP -116.5909   32.6184   -0.80   -1.05    0.37
RMVJ_CGP -117.5553   33.4858   -0.80   -0.62    0.36
SPMS_CGP -117.8488   33.9927   -0.80   -0.59    0.24
CSST_CGP -119.3712   34.4081   -0.70   -0.97    0.32
DHLG_CGP -115.7880   33.3898   -0.70   -0.30    0.36
HVYS_CGP -119.1875   34.4412   -0.70   -0.60    0.32
MJPK_CGP -117.5505   33.7145   -0.70   -0.33    0.28
MVFD_CGP -116.5253   33.2109   -0.70   -0.30    0.31
P494_CGP -115.7321   32.7597   -0.70    0.72    0.38
P625_CGP -114.9651   34.8444   -0.70   -0.25    0.50
RAMT_CGP -117.6833   35.3387   -0.70   -0.23    0.45
SIO5_CGP -117.2497   32.8407   -0.70   -0.57    0.60
THMS_CGP -117.7668   33.5496   -0.70   -0.96    0.33
CMP9_CGP -118.4114   34.3532   -0.60    0.28    0.25
DSME_CGP -117.2495   33.0365   -0.60   -0.78    0.49
HNPS_CGP -115.6353   33.7050   -0.60   -0.20    0.34
IMPS_CGP -115.1451   34.1576   -0.60   -0.73    0.45
KBRC_CGP -119.0082   34.3985   -0.60   -0.76    0.31
NDAP_CGP -114.6186   34.7677   -0.60    0.28    0.65
OVLS_CGP -119.1419   34.3274   -0.60   -2.37    0.37
P231_CGP -121.9054   36.6217   -0.60    0.00    0.00
P478_CGP -117.0716   33.2357   -0.60   -0.55    0.31
P508_CGP -115.4287   33.2478   -0.60    0.20    0.52
P590_CGP -117.3647   35.1168   -0.60   -0.50    0.39
P592_CGP -117.3032   35.2386   -0.60   -0.48    0.40
P596_CGP -116.8895   35.9982   -0.60   -0.31    0.45
PALX_CGP -116.0638   31.5591   -0.60   -0.25    0.51
PHLB_CGP -117.6945   34.9254   -0.60   -0.34    0.31
PTAX_CGP -115.4563   32.3775   -0.60   -0.40    0.44
SNI1_CGP -119.5244   33.2479   -0.60    0.00    0.00
VONS_CGP -116.6229   36.5941   -0.60   -0.17    0.35
VTIS_CGP -118.2938   33.7126   -0.60   -0.58    0.31
ARGU_CGP -117.5219   36.0500   -0.50   -0.19    0.54
BSRY_CGP -117.0120   34.9186   -0.50   -0.20    0.40
ECFS_CGP -117.4117   33.6477   -0.50   -0.47    0.28
NSSS_CGP -116.9727   32.5793   -0.50   -1.18    0.70
P091_CGP -117.5315   36.6143   -0.50   -0.30    0.42
P172_CGP -121.7672   36.2281   -0.50    0.00    0.00
P284_CGP -120.9068   35.9333   -0.50    1.10    0.26
P526_CGP -120.8697   35.6360   -0.50    1.05    0.28
P588_CGP -117.2676   34.7854   -0.50   -0.11    0.33
P594_CGP -117.3901   35.8967   -0.50   -0.42    0.51
P595_CGP -117.4028   35.6976   -0.50   -0.32    0.43
RAAP_CGP -116.9172   33.0422   -0.50   -0.40    0.33
SCIP_CGP -118.4879   32.9144   -0.50   -0.84    0.45
BATM_CGP -116.5116   36.4035   -0.40   -0.26    0.35
CICE_CGP -116.6674   31.8713   -0.40   -1.11    0.14
CPBN_CGP -117.5730   35.0717   -0.40   -0.51    0.38
FMVT_CGP -118.8840   34.3563   -0.40   -0.66    0.30
LICE_CGP -116.4013   36.8566   -0.40   -0.19    0.50
MIG1_CGP -120.3514   34.0383   -0.40    0.00    0.00
NEVA_CGP -116.3103   36.8504   -0.40   -0.20    0.53
P171_CGP -121.7925   36.4855   -0.40   -0.45    0.32
P238_CGP -121.4528   36.8491   -0.40    0.82    0.31
P472_CGP -117.1047   32.8892   -0.40   -0.64    0.44
P501_CGP -115.3979   32.8758   -0.40   -1.20    0.41
P511_CGP -115.2961   33.8869   -0.40   -0.26    0.43
P580_CGP -117.1922   35.6209   -0.40   -0.35    0.49
P583_CGP -117.5434   34.9870   -0.40   -0.48    0.35
P593_CGP -117.2051   35.3879   -0.40   -0.36    0.45
PSDM_CGP -117.8071   34.0918   -0.40   -0.34    0.25
ROGE_CGP -117.0855   36.2179   -0.40   -0.34    0.39
CRFP_CGP -117.0997   34.0391   -0.30    0.64    0.27
HIVI_CGP -117.7995   34.7599   -0.30   -0.05    0.30
LITT_CGP -116.3082   36.7459   -0.30   -0.23    0.39
LNMT_CGP -116.9397   35.0902   -0.30   -0.18    0.41
MERC_CGP -115.9790   36.6325   -0.30   -0.13    0.66
MONP_CGP -116.4223   32.8919   -0.30   -0.29    0.34
NBPS_CGP -116.1482   34.5086   -0.30    0.66    0.36
P092_CGP -117.4068   36.8042   -0.30   -0.19    0.50
P093_CGP -117.9941   36.6060   -0.30    0.03    0.62
P210_CGP -121.7318   36.8161   -0.30    0.45    0.35
P233_CGP -121.4203   36.8004   -0.30    0.74    0.33
P462_CGP -116.6287   36.0713   -0.30   -0.23    0.40
P463_CGP -117.1647   36.0225   -0.30   -0.44    0.51
P464_CGP -117.4100   36.1590   -0.30   -0.45    0.51
P466_CGP -117.7895   36.5312   -0.30   -0.16    0.54
P591_CGP -118.0165   35.1524   -0.30   -0.10    0.93
P597_CGP -116.8884   35.7106   -0.30   -0.17    0.49
P610_CGP -115.7637   34.4257   -0.30   -0.05    0.39
PJZX_CGP -115.8837   32.4170   -0.30   -0.76    0.44
PSAP_CGP -116.4940   33.8192   -0.30    0.83    0.27
PVRS_CGP -118.3206   33.7739   -0.30   -0.42    0.34
REP4_CGP -116.4661   36.8491   -0.30   -0.10    0.43
SCIA_CGP -117.3883   34.6074   -0.30    0.35    0.30
SIO3_CGP -117.2504   32.8647   -0.30   -0.75    0.57
SKUL_CGP -116.2106   36.7305   -0.30   -0.23    0.48
UCLP_CGP -118.4419   34.0691   -0.30    0.37    0.24
ANA1_CGP -119.3635   34.0150   -0.20   -1.11    0.41
ASHM_CGP -116.1394   36.3459   -0.20   -0.08    0.37
BBDM_CGP -119.9815   34.5822   -0.20    0.55    0.46
CRHS_CGP -118.2728   33.8235   -0.20   -0.07    0.28
CRRS_CGP -115.7350   33.0698   -0.20    0.03    0.32
CRU1_CGP -119.7848   34.0293   -0.20   -0.02    0.30
DAM2_CGP -118.3969   34.3348   -0.20    0.07    0.27
EWPP_CGP -117.5256   34.1042   -0.20   -0.20    0.25
GMRC_CGP -115.6602   34.7840   -0.20    0.30    0.50
HELB_CGP -119.0230   36.6788   -0.20    1.88    1.09
OGHS_CGP -117.0418   33.1306   -0.20   -0.58    0.33
P474_CGP -117.2487   33.3552   -0.20   -0.90    0.30
P483_CGP -116.5693   33.0592   -0.20   -0.39    0.34
P500_CGP -115.2999   32.6900   -0.20   -1.29    0.35
P510_CGP -115.3433   33.1436   -0.20   -0.96    0.36
P530_CGP -120.4804   35.6248   -0.20    0.49    0.19
P575_CGP -117.5422   34.2155   -0.20    0.60    0.25
P579_CGP -118.0058   35.0388   -0.20   -0.16    0.34
P741_CGP -116.5310   33.5575   -0.20    0.48    0.29
PMOB_CGP -116.8595   33.3572   -0.20   -0.29    0.27
POIN_CGP -116.1198   36.5796   -0.20   -0.22    0.44
PSTX_CGP -115.8354   31.3131   -0.20    0.00    0.00
PVE3_CGP -118.4043   33.7433   -0.20    0.22    0.32
REP3_CGP -116.4681   36.8413   -0.20   -0.16    0.43
REPO_CGP -116.4683   36.8404   -0.20   -0.13    0.42
RSTP_CGP -118.1929   34.8751   -0.20   -0.19    0.28
RYAN_CGP -116.6501   36.3163   -0.20   -0.39    0.37
TIVA_CGP -116.2297   36.9348   -0.20    0.00    0.00
TORP_CGP -118.3306   33.7978   -0.20   -0.16    0.34
WOMT_CGP -116.9317   34.6690   -0.20    0.20    0.38
BUST_CGP -116.4509   36.7453   -0.10   -0.08    0.36
BVPP_CGP -119.3475   35.1573   -0.10    1.98    0.31
CCCC_CGP -117.6712   35.5653   -0.10   -0.27    0.45
CHLO_CGP -116.7655   36.7465   -0.10   -0.19    0.31
CNPP_CGP -117.6089   33.8576   -0.10   -0.20    0.26
GLRS_CGP -115.5214   33.2748   -0.10   -0.73    0.39
GMPK_CGP -114.8273   33.0511   -0.10   -0.61    0.39
HELL_CGP -116.9792   36.7236   -0.10   -0.21    0.41
JOHN_CGP -116.0990   36.4588   -0.10   -0.21    0.43
MAT2_CGP -117.4367   33.8568   -0.10    0.21    0.28
MLFP_CGP -117.3180   33.9184   -0.10    0.07    0.27
OCSD_CGP -117.3467   33.2407   -0.10   -0.98    0.44
OPBL_CGP -115.9181   34.3699   -0.10    0.15    0.33
P476_CGP -117.1897   33.4396   -0.10   -2.50    0.29
P607_CGP -115.8207   33.7410   -0.10   -0.02    0.36
P616_CGP -117.8933   35.4246   -0.10   -0.03    0.46
P622_CGP -115.3659   35.1630   -0.10    0.14    0.43
P811_CGP -118.0166   35.1524   -0.10   -0.12    0.45
P812_CGP -118.0165   35.1525   -0.10   -0.13    0.42
PERL_CGP -116.6864   36.9018   -0.10    0.10    0.49
STRI_CGP -116.3378   36.6446   -0.10   -0.31    0.37
WHYT_CGP -117.6435   33.6745   -0.10   -0.69    0.32
AGMT_CGP -116.4294   34.5943    0.10    1.12    0.35
BEMT_CGP -115.9982   34.0005    0.10    0.29    0.30
BLYT_CGP -114.7148   33.6104    0.10   -0.29    0.47
BTDM_CGP -118.1882   34.2928    0.10    0.62    0.24
BULL_CGP -116.8717   36.9176    0.10    0.02    0.53
CIRX_CGP -118.9373   34.1096    0.10    0.57    0.45
CLAR_CGP -117.7088   34.1099    0.10   -0.10    0.25
CSCI_CGP -119.0390   34.1684    0.10   -0.84    0.35
ECCO_CGP -118.3290   33.8868    0.10    0.13    0.27
HCMN_CGP -116.4301   34.7548    0.10    0.71    0.36
JPLM_CGP -118.1732   34.2048    0.10    0.07    0.20
LORS_CGP -117.7541   34.1333    0.10    0.08    0.26
MPWD_CGP -118.8780   34.2955    0.10   -1.07    0.29
MRDM_CGP -117.8817   34.1752    0.10   -0.10    0.25
NHRG_CGP -119.1413   34.4987    0.10    0.34    0.31
ORMT_CGP -116.8151   34.6749    0.10    0.23    0.36
OXYC_CGP -118.2073   34.1288    0.10   -0.11    0.22
P003_CGP -114.0050   32.7225    0.10    0.00    0.00
P180_CGP -121.4032   36.2928    0.10    0.39    0.25
P232_CGP -121.5790   36.7240    0.10    0.35    0.40
P467_CGP -118.0906   36.5702    0.10    0.12    0.61
P468_CGP -118.1184   36.9757    0.10   -0.36    0.66
P471_CGP -117.5409   33.5621    0.10   -0.71    0.31
P480_CGP -116.3485   32.9760    0.10   -0.20    0.37
P482_CGP -116.6714   33.2402    0.10   -0.25    0.29
P484_CGP -116.6208   33.3756    0.10    0.00    0.30
P485_CGP -116.4090   33.2102    0.10   -1.80    0.32
P562_CGP -118.1887   34.9821    0.10   -0.04    0.33
P608_CGP -115.6866   33.9941    0.10   -0.17    0.36
P614_CGP -115.2503   34.7318    0.10   -0.48    0.48
P620_CGP -116.1449   35.7854    0.10    0.28    0.48
P621_CGP -115.5439   35.4728    0.10    0.26    0.55
P626_CGP -115.2383   35.2911    0.10   -0.12    0.53
PBHR_CGP -121.2724   35.7090    0.10    0.62    0.33
PHIN_CGP -117.0339   36.9804    0.10    0.00    0.00
PKRD_CGP -118.2329   34.0716    0.10   -1.27    0.22
RELA_CGP -116.5543   36.7154    0.10   -0.20    0.38
RHCL_CGP -118.0262   34.0191    0.10   -2.32    0.27
RUMP_CGP -115.8685   36.2569    0.10    0.03    0.38
SA63_CGP -114.4957   32.6889    0.10   -0.58    0.40
SHOS_CGP -116.2990   35.9713    0.10   -0.03    0.46
SIBE_CGP -116.0156   34.6243    0.10    0.49    0.34
SILK_CGP -118.2639   34.1029    0.10   -0.37    0.22
SLMS_CGP -115.9778   33.2922    0.10    0.29    0.31
SMYC_CGP -115.5875   36.3196    0.10    0.08    0.61
SRS1_CGP -120.0652   34.0043    0.10   -0.32    0.38
TATE_CGP -116.5743   36.9316    0.10   -0.07    0.64
WLSN_CGP -118.0559   34.2261    0.10    0.39    0.21
WMAP_CGP -118.4143   34.2594    0.10    0.31    0.23
APEX_CGP -114.9318   36.3191    0.20    0.45    1.02
BRAN_CGP -118.2770   34.1849    0.20   -0.03    0.21
COPR_CGP -119.8795   34.4149    0.20    0.49    0.43
GOL2_CGP -116.8892   35.4252    0.20   -0.09    0.45
LONG_CGP -118.0034   34.1119    0.20   -0.76    0.22
NOCO_CGP -117.5696   33.9197    0.20   -0.22    0.27
NOPE_CGP -115.9850   35.9695    0.20    0.11    0.45
OAES_CGP -116.0677   34.1410    0.20    0.49    0.33
P300_CGP -120.2770   36.3044    0.20    1.95    0.20
P479_CGP -116.7829   33.4933    0.20   -0.06    0.27
P490_CGP -116.4259   33.5235    0.20    0.33    0.30
P504_CGP -115.7658   33.5164    0.20   -0.50    0.37
P513_CGP -120.6502   34.9073    0.20    0.28    0.56
P568_CGP -118.1265   35.2543    0.20    0.18    0.43
P615_CGP -116.7629   35.2046    0.20    0.10    0.41
P740_CGP -116.5960   33.5982    0.20    0.38    0.30
P795_CGP -116.1481   34.5081    0.20    0.36    0.36
SGDM_CGP -117.8617   34.2056    0.20    0.32    0.24
SNHS_CGP -117.9286   33.9273    0.20   -1.55    0.25
TRAK_CGP -117.8034   33.6179    0.20   -1.03    0.29
VNDP_CGP -120.6164   34.5563    0.20   -2.50    0.54
AOA1_CGP -118.8303   34.1574    0.30   -0.07    0.33
AZRY_CGP -116.6297   33.5401    0.30    0.39    0.30
BKMS_CGP -118.0947   33.9623    0.30   -3.18    0.23
CACT_CGP -115.9899   33.6551    0.30    0.55    0.34
CARR_CGP -120.4308   35.8883    0.30    1.27    0.27
CBHS_CGP -118.6298   34.1386    0.30    0.74    0.27
CRAT_CGP -116.5693   36.8077    0.30   -0.09    0.44
DAM3_CGP -118.3975   34.3340    0.30   -0.22    0.31
LBCH_CGP -118.2033   33.7878    0.30    0.51    0.30
LEEP_CGP -118.3218   34.1346    0.30   -0.17    0.24
LL01_CGP -117.8350   34.4855    0.30    0.74    0.28
MATH_CGP -117.4368   33.8567    0.30   -0.10    0.28
P067_CGP -121.0030   35.5518    0.30    0.57    0.35
P465_CGP -118.1324   36.4668    0.30    0.28    0.62
P548_CGP -119.5039   34.4668    0.30   -0.05    0.36
P569_CGP -118.1238   35.3780    0.30    0.40    0.40
P601_CGP -116.0802   33.9593    0.30    0.37    0.33
P604_CGP -116.6715   34.9368    0.30    0.21    0.38
P609_CGP -116.8928   34.0627    0.30    0.57    0.30
P787_CGP -121.5808   36.7995    0.30    0.41    0.40
P797_CGP -116.5925   33.5373    0.30    0.38    0.33
SNOG_CGP -116.8078   34.0352    0.30    0.97    0.31
TJRN_CGP -120.1326   34.4835    0.30   -0.16    0.40
TROY_CGP -116.5305   34.8386    0.30    0.57    0.38
USGC_CGP -116.0853   33.0301    0.30    0.38    0.32
CSN1_CGP -118.5238   34.2535    0.40    0.56    0.24
DSSC_CGP -116.7121   33.7333    0.40    0.53    0.27
ERRG_CGP -115.8227   33.1164    0.40    0.01    0.31
HOL3_CGP -117.8451   34.4582    0.40    0.69    0.34
IDOG_CGP -116.2215   33.7968    0.40    1.19    0.30
LFRS_CGP -118.4128   34.0951    0.40   -0.33    0.27
P173_CGP -121.2903   35.9457    0.40    0.21    0.31
P212_CGP -121.8627   36.9620    0.40    0.00    0.00
P301_CGP -120.7431   36.8063    0.40   -1.90    0.46
P487_CGP -116.1831   33.2135    0.40   -0.44    0.33
P582_CGP -117.5489   34.6343    0.40    0.03    0.29
P617_CGP -116.5716   35.3206    0.40    0.34    0.45
PBPP_CGP -117.9226   34.5082    0.40    0.90    0.29
PVHS_CGP -118.3722   33.7795    0.40   -0.18    0.44
QHTP_CGP -118.2448   34.6287    0.40   -0.39    0.25
ROCH_CGP -116.6098   33.6110    0.40    0.35    0.26
VAN1_CGP -120.5635   34.8266    0.40   -0.16    0.48
VNPS_CGP -118.1212   34.5015    0.40    0.71    0.25
BMHL_CGP -116.0530   34.2514    0.50    0.36    0.33
CGDM_CGP -117.9649   34.2440    0.50    0.40    0.22
CHIL_CGP -118.0260   34.3334    0.50    1.17    0.29
CHMS_CGP -117.8277   34.6405    0.50    0.27    0.29
I40A_CGP -115.9114   34.7273    0.50    0.23    0.41
P516_CGP -120.3834   35.1062    0.50    0.91    0.38
P525_CGP -120.8081   35.4258    0.50    0.57    0.34
P589_CGP -117.1102   34.6207    0.50    0.11    0.33
P603_CGP -116.0295   34.7169    0.50    0.65    0.36
P619_CGP -116.1218   35.5259    0.50    0.49    0.48
SAOB_CGP -121.4472   36.7653    0.50    0.65    0.34
VCST_CGP -119.4839   34.8515    0.50    1.04    0.32
VIMT_CGP -118.5144   34.1264    0.50    0.27    0.25
AVRY_CGP -117.1540   34.4683    0.60    0.77    0.33
CARH_CGP -120.4308   35.8884    0.60    1.22    0.27
DVLW_CGP -117.0674   33.6577    0.60    0.80    0.28
P281_CGP -120.3895   35.8411    0.60    1.76    0.22
P287_CGP -120.6978   36.0248    0.60    1.15    0.19
P491_CGP -116.2268   33.5747    0.60    0.48    0.31
P520_CGP -119.6164   34.6305    0.60    0.70    0.38
P586_CGP -117.2805   34.5348    0.60    0.39    0.32
P611_CGP -115.6498   35.2048    0.60    0.22    0.40
P612_CGP -117.3155   34.1874    0.60    0.64    0.30
P742_CGP -116.6026   33.4955    0.60    0.21    0.29
P799_CGP -118.3064   33.9276    0.60   -0.91    0.25
PPBF_CGP -117.1821   33.8357    0.60    0.44    0.28
THCP_CGP -118.4146   35.1582    0.60    0.92    0.35
UCSB_CGP -119.8438   34.4133    0.60    0.27    0.46
DVLE_CGP -117.0007   33.7006    0.70    1.25    0.26
DVPB_CGP -117.8601   34.4134    0.70    0.85    0.27
FHOG_CGP -116.9359   34.0935    0.70    0.49    0.31
GHRP_CGP -117.3979   34.2039    0.70    0.38    0.32
KYVW_CGP -116.1734   33.9254    0.70    0.61    0.34
OPCX_CGP -116.1495   34.4301    0.70    0.76    0.37
P006_CGP -114.4569   36.1542    0.70    0.00    0.00
P235_CGP -121.5415   36.8143    0.70    0.36    0.36
P239_CGP -121.5478   36.9625    0.70    0.24    0.84
P481_CGP -116.0108   32.8222    0.70    0.25    0.35
P618_CGP -116.1039   35.1419    0.70    1.08    0.43
PIN2_CGP -116.4576   33.6121    0.70    0.71    0.30
RDMT_CGP -116.6247   34.6439    0.70    0.33    0.35
ROCK_CGP -118.6764   34.2357    0.70    0.05    0.29
VNCX_CGP -118.4845   34.2932    0.70    0.35    0.25
BBRY_CGP -116.8842   34.2643    0.80    1.00    0.31
BEPK_CGP -118.0741   35.8784    0.80    0.57    0.46
FGST_CGP -120.0094   34.7330    0.80    0.47    0.38
LAPC_CGP -118.5746   34.1819    0.80    0.48    0.28
LLAS_CGP -117.8379   34.5860    0.80    0.58    0.30
MIDA_CGP -120.4588   35.9219    0.80    1.69    0.23
P234_CGP -121.5912   36.8585    0.80    0.56    0.32
P237_CGP -121.3868   36.6370    0.80    0.56    0.39
P247_CGP -121.1884   36.5595    0.80    1.01    0.28
P288_CGP -120.8789   36.1402    0.80    1.02    0.20
P470_CGP -117.3939   34.4624    0.80    0.65    0.30
P489_CGP -116.1116   33.2962    0.80   -0.27    0.30
P492_CGP -115.9694   32.8870    0.80    0.76    0.34
P497_CGP -115.5770   32.8347    0.80    0.39    0.34
P498_CGP -115.5696   32.8984    0.80   -0.32    0.34
P514_CGP -120.4097   35.0107    0.80    0.51    0.43
P515_CGP -120.2398   34.8706    0.80    0.39    0.38
P519_CGP -119.7924   34.5078    0.80    0.59    0.45
P521_CGP -119.8154   34.8886    0.80    0.92    0.33
P523_CGP -120.8603   35.3044    0.80    0.43    0.50
P524_CGP -120.5909   35.1661    0.80    0.63    0.37
P576_CGP -120.9700   35.6697    0.80    0.62    0.29
P606_CGP -116.8796   34.4621    0.80    0.58    0.32
P788_CGP -121.4788   36.7443    0.80    0.43    0.38
PKDB_CGP -120.5416   35.9452    0.80    1.26    0.22
SKYB_CGP -118.4786   34.4386    0.80    0.74    0.23
TABL_CGP -117.6783   34.3818    0.80    1.02    0.25
USLO_CGP -120.6611   35.3118    0.80    0.79    0.33
CCST_CGP -119.0135   34.8064    0.90    1.30    0.30
LOWS_CGP -120.5943   35.8287    0.90    0.38    0.20
OPCP_CGP -116.0834   34.3671    0.90    0.51    0.35
P211_CGP -121.6980   36.8792    0.90    0.23    0.41
P236_CGP -121.5545   36.9035    0.90    0.60    0.32
P250_CGP -121.2684   36.9500    0.90    0.27    0.78
P291_CGP -120.6448   35.9228    0.90    0.75    0.19
P488_CGP -116.0788   33.2010    0.90    0.34    0.35
P518_CGP -120.0753   35.0200    0.90    1.00    0.38
P528_CGP -120.5454   35.3278    0.90    0.96    0.28
P547_CGP -119.9094   35.9347    0.90   -1.83    0.21
P555_CGP -118.6694   34.6950    0.90    0.98    0.30
P559_CGP -118.6176   34.8389    0.90    0.88    0.34
P560_CGP -118.5409   34.8218    0.90    0.12    0.34
P573_CGP -118.2605   36.0931    0.90    0.91    0.53
P581_CGP -117.7290   34.5097    0.90    0.61    0.27
P600_CGP -116.2119   33.8658    0.90    0.78    0.31
P613_CGP -117.0500   34.1962    0.90    1.04    0.31
SPK1_CGP -118.6462   34.0593    0.90    0.17    0.36
WRHS_CGP -118.4276   33.9582    0.90    0.77    0.26
BCWR_CGP -119.4058   34.9205    1.00    0.53    0.31
BRPK_CGP -118.5768   34.6823    1.00    0.67    0.29
CRBT_CGP -120.7508   35.7916    1.00    0.38    0.20
LNCO_CGP -119.0579   36.3600    1.00    1.28    0.70
LVMS_CGP -119.1037   34.7336    1.00    1.62    0.30
P503_CGP -115.7202   32.9489    1.00    0.67    0.37
P554_CGP -118.8480   34.7923    1.00    1.60    0.32
P570_CGP -118.2600   35.6673    1.00    0.94    0.43
PIN1_CGP -116.4582   33.6122    1.00    0.63    0.31
THMG_CGP -116.0772   33.6506    1.00    0.45    0.32
WIDC_CGP -116.3918   33.9348    1.00    0.71    0.28
WWMT_CGP -116.6539   33.9553    1.00    1.22    0.27
CDMT_CGP -116.3359   34.8295    1.10    0.56    0.38
CIT1_CGP -118.1273   34.1367    1.10   -0.56    0.23
CTDM_CGP -118.6132   34.5165    1.10    1.10    0.25
DVLS_CGP -117.0536   33.6911    1.10    1.51    0.27
HOLC_CGP -117.8452   34.4582    1.10    0.57    0.31
P243_CGP -121.3352   36.9182    1.10    0.78    0.35
P279_CGP -121.0620   35.7906    1.10    0.82    0.28
P286_CGP -120.8531   36.5159    1.10    0.63    0.26
P517_CGP -118.1776   34.3764    1.10    0.27    0.22
P531_CGP -120.5366   35.7927    1.10    0.36    0.20
RCA2_CGP -119.7200   34.5000    1.10    0.49    0.38
SGPS_CGP -116.6957   33.9125    1.10    0.85    0.26
7ODM_CGP -117.0932   34.1164    1.20    0.40    0.31
CJMS_CGP -117.4794   34.3138    1.20    0.77    0.26
LAND_CGP -120.4733   35.8998    1.20    1.48    0.22
NOPK_CGP -118.3480   33.9797    1.20   -0.60    0.24
P174_CGP -121.0509   36.3022    1.20    1.18    0.23
P249_CGP -121.0644   36.6116    1.20    0.73    0.30
P280_CGP -120.3476   35.5441    1.20    1.06    0.21
P297_CGP -120.5519   35.9741    1.20    1.37    0.19
P493_CGP -115.8249   32.9547    1.20    0.63    0.33
P587_CGP -118.0313   34.3322    1.20    0.62    0.25
P605_CGP -117.9367   34.3411    1.20    0.68    0.22
RNCH_CGP -120.5248   35.9000    1.20    1.22    0.25
WKPK_CGP -118.7415   34.5685    1.20    1.12    0.25
BKAP_CGP -116.0804   35.2870    1.30    0.59    0.43
ISLK_CGP -118.4743   35.6623    1.30    1.83    0.41
LBC2_CGP -118.1732   33.7916    1.30   -0.51    0.25
LRRG_CGP -118.0300   34.5271    1.30    0.19    0.26
P175_CGP -121.1349   36.4259    1.30    1.01    0.28
P289_CGP -120.7488   36.1068    1.30    1.26    0.23
P535_CGP -120.1014   35.2351    1.30    1.41    0.32
P551_CGP -119.1546   34.8562    1.30    0.65    0.32
P574_CGP -117.6339   34.2868    1.30    0.43    0.25
P577_CGP -117.3189   34.3046    1.30    1.11    0.27
P790_CGP -120.5154   35.9291    1.30    1.31    0.24
RSVY_CGP -119.1844   34.5415    1.30    0.57    0.30
ALPP_CGP -118.6948   34.8245    1.40    1.10    0.34
CSDH_CGP -118.2567   33.8615    1.40   -0.88    0.27
CTMS_CGP -116.3704   34.1241    1.40    1.51    0.31
ESE2_CGP -116.9939   33.6748    1.40    0.76    0.27
GDEC_CGP -119.8637   35.1894    1.40    1.56    0.33
GNPS_CGP -114.1894   34.3086    1.40    0.00    0.00
IDQG_CGP -116.2390   33.7680    1.40    0.50    0.29
JLN5_CGP -120.8329   35.8732    1.40    0.13    0.21
LDSW_CGP -116.2091   34.6994    1.40    0.66    0.37
MASW_CGP -120.4431   35.8326    1.40    1.28    0.19
P540_CGP -120.1306   35.8013    1.40    2.33    0.18
P558_CGP -118.6117   35.1386    1.40    1.38    0.33
P598_CGP -116.7103   34.1925    1.40    1.43    0.33
PLPX_CGP -115.1513   31.5886    1.40    0.00    0.00
SDHL_CGP -116.2789   34.2550    1.40    1.43    0.33
FZHS_CGP -118.8934   34.8002    1.50    1.57    0.31
GR8R_CGP -120.4157   36.3990    1.50   -0.13    0.26
HOGS_CGP -120.4795   35.8667    1.50    1.30    0.20
HUNT_CGP -120.4024   35.8808    1.50    1.55    0.21
OPCL_CGP -116.3055   34.4277    1.50    1.30    0.34
P295_CGP -120.8424   35.6971    1.50   -0.04    0.26
P529_CGP -120.3538   35.4405    1.50    1.28    0.24
P533_CGP -120.3710   35.7479    1.50    1.29    0.15
P561_CGP -118.3991   34.6185    1.50    0.40    0.24
SFDM_CGP -118.7545   34.4598    1.50    0.27    0.26
EDPP_CGP -118.8304   34.9462    1.60    0.43    0.37
MSCG_CGP -116.6480   34.0385    1.60    1.37    0.33
OZST_CGP -119.3534   34.6834    1.60    1.18    0.33
P557_CGP -118.6556   34.9444    1.60    1.06    0.38
P536_CGP -120.0250   35.2798    1.70    1.55    0.35
P549_CGP -119.3263   34.5996    1.70    0.99    0.29
CAND_CGP -120.4337   35.9394    1.80    1.88    0.19
P251_CGP -121.3479   36.8114    1.80    0.70    0.35
P537_CGP -119.9353   35.3168    1.80    1.75    0.32
P542_CGP -120.2926   35.6889    1.80    1.52    0.17
P782_CGP -120.2162   35.6938    1.80    1.80    0.18
P532_CGP -120.2670   35.6338    1.90    1.47    0.19
P571_CGP -118.7667   36.2314    1.90    1.02    0.52
P572_CGP -118.9546   36.5855    1.90    0.23    0.63
P584_CGP -116.9516   33.8926    1.90   -0.11    0.27
LJRN_CGP -118.8677   34.8075    2.00    1.57    0.34
MEE2_CGP -120.7668   36.1805    2.00    1.89    0.29
OPRD_CGP -116.2923   34.5330    2.00    0.81    0.35
P278_CGP -121.0608   35.7113    2.00    0.66    0.35
P285_CGP -120.9815   36.4172    2.00    1.12    0.31
P290_CGP -120.7283   36.1789    2.00    1.75    0.24
P292_CGP -120.4753   36.0075    2.00    1.83    0.20
P294_CGP -120.4399   36.1232    2.00    1.85    0.23
P550_CGP -119.1146   34.6601    2.00    0.88    0.30
P552_CGP -120.2450   35.6867    2.00    1.70    0.17
P585_CGP -116.5457   34.0193    2.00    1.23    0.29
P744_CGP -115.5084   32.8294    2.00   -0.92    0.37
POMM_CGP -120.4784   35.9199    2.00    1.51    0.24
P282_CGP -120.3452   35.8378    2.10    1.75    0.17
P293_CGP -120.5430   36.0894    2.10    1.56    0.18
P539_CGP -120.1820   35.7027    2.10    1.82    0.18
P541_CGP -120.0007   35.6867    2.10    0.17    0.20
P543_CGP -119.7132   35.3190    2.10    0.32    0.32
TBLP_CGP -120.3603   35.9174    2.10    1.91    0.17
COKG_CGP -115.7285   32.8505    2.20    0.18    0.40
MNMC_CGP -120.4341   35.9695    2.20    1.89    0.20
MSOB_CGP -117.2101   34.2308    2.20    0.76    0.30
P296_CGP -120.3636   36.0517    2.20    2.12    0.19
P298_CGP -120.2941   36.0158    2.20    2.26    0.19
P522_CGP -119.5361   35.0866    2.20    0.69    0.30
P553_CGP -118.8790   34.8351    2.20    1.31    0.32
P789_CGP -120.4717   35.9466    2.20    1.68    0.25
PLTX_CGP -115.4309   31.8163    2.20    0.51    0.53
MEE1_CGP -120.7586   36.1869    2.30    1.65    0.26
P578_CGP -120.2390   35.6943    2.30    1.74    0.17
P283_CGP -120.2853   35.8067    2.40    1.75    0.21
P546_CGP -120.1549   35.9279    2.40    1.59    0.16
P599_CGP -116.5375   34.2172    2.40    1.90    0.31
P602_CGP -120.2279   35.7292    2.40    1.74    0.17
LDES_CGP -116.4328   34.2673    2.50    1.89    0.31
P538_CGP -120.1125   35.5342    2.50    1.54    0.21
P496_CGP -115.5960   32.7506    2.60   -0.25    0.42
ESRW_CGP -117.0669   33.6818    3.00    0.23    0.28
P567_CGP -118.7536   35.4209    3.00    0.98    0.39
