   1long      2lat       3Ve      4dVe       5Vn      6dVn     7Vu      8dVu    9Tau_h   10Tau_v
 -121.510   36.010 -28.3392   0.2868  34.9235   0.2869  -0.0104   0.3796  11.0000  14.0000
 -121.510   36.510 -27.6540   0.1773  33.7785   0.1786   0.2143   0.3041  11.0000  12.0000
 -121.010   35.510 -28.3086   0.2613  34.6114   0.2613   0.3774   0.4625   9.0000  12.0000
 -121.010   36.010 -27.1234   0.1319  32.2820   0.1334   0.0533   0.2634  10.0000  10.0000
 -121.010   36.510 -12.2466   0.2254  13.6048   0.2313   1.3007   0.2924   8.0000  10.0000
 -120.510   34.510 -30.7232   0.2107  33.3592   0.2097  -1.0276   0.4584   9.0000  15.0000
 -120.510   35.010 -29.3438   0.2125  33.0873   0.2119   0.5545   0.4192   9.0000  12.0000
 -120.510   35.510 -25.8484   0.1307  31.3463   0.1280   0.3734   0.2036   7.0000   9.0000
 -120.510   36.010 -12.8430   0.0927  18.3208   0.0928   1.7696   0.2306   4.0000   4.0000
 -120.510   36.510  -8.8830   0.2262   9.9296   0.2374   0.1273   0.2813   9.0000  11.0000
 -120.010   34.010 -29.8993   0.3129  34.6024   0.3006   0.0445   0.4198  10.0000  12.0000
 -120.010   34.510 -30.2898   0.2769  31.4587   0.2759   0.2529   0.4537   7.0000  13.0000
 -120.010   35.010 -27.1460   0.1921  28.5945   0.1889   0.9413   0.3739   8.0000  12.0000
 -120.010   35.510 -18.2605   0.2025  20.8894   0.1893   1.9426   0.2712   5.0000  10.0000
 -120.010   36.010  -9.3400   0.1058  13.3632   0.1057   1.7173   0.1942   8.0000   9.0000
 -120.010   36.510  -8.9420   0.2164   9.9726   0.2234   0.7236   0.2653  13.0000  19.0000
 -119.510   33.510 -30.2517   0.3346  33.4116   0.3205  -0.4821   0.4002  18.0000  20.0000
 -119.510   34.010 -29.6285   0.2427  32.5023   0.2335  -0.1700   0.2432  10.0000  15.0000
 -119.510   34.510 -29.2566   0.1698  26.1615   0.1703   0.4180   0.3481   7.0000   8.0000
 -119.510   35.010 -20.5901   0.1938  20.0598   0.1940   1.5629   0.3549   8.0000  11.0000
 -119.510   35.510 -11.6230   0.2117  11.6436   0.2106  -1.6913   0.3549   7.0000  17.0000
 -119.510   36.010 -11.5547   0.1901   9.4503   0.1907  -1.0389   0.3274  13.0000  20.0000
 -119.510   36.510  -9.1306   0.2647   9.7290   0.2716   0.0107   0.5015  17.0000  21.0000
 -119.010   33.010 -30.7101   0.0497  33.3757   0.0497  -0.5387   0.1541  50.0000  50.0000
 -119.010   33.510 -29.4485   0.2736  32.4309   0.2735  -0.8148   0.3784  13.0000  14.0000
 -119.010   34.010 -28.3230   0.1995  30.2181   0.1920  -0.0076   0.3085   9.0000  13.0000
 -119.010   34.510 -26.4337   0.1531  23.5628   0.1534   0.4209   0.2911   6.0000   9.0000
 -119.010   35.010 -17.2711   0.1807  14.5886   0.1817  -1.3119   0.3610   5.0000  11.0000
 -119.010   35.510 -12.3875   0.1835  11.9510   0.1834   1.7939   0.3542  11.0000  18.0000
 -119.010   36.010 -12.7900   0.2732  10.1100   0.2730   1.3733   0.5649   9.0000  22.0000
 -119.010   36.510  -9.6245   0.3344   8.8251   0.3343   0.8886   0.5988  17.0000  17.0000
 -118.510   33.010 -30.0183   0.2035  32.3719   0.2035  -0.5413   0.3532  16.0000  17.0000
 -118.510   33.510 -28.2846   0.2305  31.3353   0.2272  -0.1014   0.3698  10.0000  10.0000
 -118.510   34.010 -27.0467   0.1489  28.1026   0.1437   0.7428   0.3281   6.0000   6.0000
 -118.510   34.510 -21.5478   0.1477  20.5304   0.1467   1.0397   0.2736   6.0000   8.0000
 -118.510   35.010 -13.4893   0.1582  13.7384   0.1627   0.9158   0.3366   7.0000  11.0000
 -118.510   35.510 -10.5500   0.1748  10.0140   0.1753   1.7205   0.3333  11.0000  14.0000
 -118.510   36.010 -10.0061   0.2036   9.0667   0.2033   1.4067   0.4979  14.0000  20.0000
 -118.510   36.510  -8.7391   0.2208   7.9501   0.2205   0.6423   0.6296  18.0000  23.0000
 -118.010   32.510 -30.4637   0.1757  32.2043   0.1756  -0.5675   0.3706  39.0000  48.0000
 -118.010   33.010 -29.0089   0.2192  30.3049   0.2201  -0.8636   0.4713  18.0000  18.0000
 -118.010   33.510 -27.4347   0.1538  28.9186   0.1525  -1.0788   0.3085  10.0000  10.0000
 -118.010   34.010 -25.7161   0.1459  24.3166   0.1455  -2.2049   0.2614   3.0000   4.0000
 -118.010   34.510 -17.5210   0.1929  17.3656   0.1923   1.1990   0.2986   4.0000   6.0000
 -118.010   35.010  -9.5641   0.1968  13.3414   0.1974  -0.2020   0.3554   7.0000  11.0000
 -118.010   35.510 -10.1983   0.1745   9.9164   0.1707   0.2753   0.4242   8.0000  15.0000
 -118.010   36.010  -8.5352   0.1944   8.7997   0.1942   0.5598   0.4849   9.0000  18.0000
 -118.010   36.510  -7.5226   0.2093   6.3828   0.2093   0.0391   0.6037   9.0000  17.0000
 -117.510   32.510 -29.1291   0.3075  30.8463   0.3074  -1.0555   0.4981  21.0000  26.0000
 -117.510   33.010 -27.8502   0.4348  27.8807   0.4312  -0.9344   0.4048  15.0000  17.0000
 -117.510   33.510 -25.7279   0.1780  26.5085   0.1772  -0.5747   0.3334   6.0000   7.0000
 -117.510   34.010 -22.8212   0.2234  23.9902   0.2253  -0.1477   0.2625   3.0000   8.0000
 -117.510   34.510 -13.4880   0.1670  14.4755   0.1657   0.6704   0.2941   8.0000   9.0000
 -117.510   35.010  -8.2610   0.2271  11.3577   0.2259  -0.4327   0.3904   8.0000  10.0000
 -117.510   35.510  -8.2171   0.2004   9.1747   0.1963  -0.3363   0.4028   8.0000  14.0000
 -117.510   36.010  -6.8303   0.1916   5.8204   0.1923  -0.4981   0.5390   7.0000  14.0000
 -117.510   36.510  -5.2760   0.2063   3.1019   0.2063  -0.4635   0.4705   8.0000  17.0000
 -117.010   32.010 -28.9263   0.2526  30.9329   0.2529  -1.1449   0.2671  34.0000  53.0000
 -117.010   32.510 -27.8432   0.2766  28.3125   0.2771  -0.6466   0.8210  13.0000  18.0000
 -117.010   33.010 -27.1073   0.1980  26.7064   0.1964  -0.4672   0.3369   9.0000  10.0000
 -117.010   33.510 -23.6145   0.1717  25.1846   0.1748  -2.2783   0.2663   5.0000   9.0000
 -117.010   34.010 -15.6627   0.1966  17.7028   0.1971  -0.0336   0.2862   6.0000   8.0000
 -117.010   34.510 -11.5718   0.1727  12.2159   0.1702   0.6103   0.3292   9.0000  10.0000
 -117.010   35.010  -7.9124   0.2173   8.6870   0.2175  -0.4297   0.3998  10.0000  12.0000
 -117.010   35.510  -5.6872   0.2112   6.2397   0.2089  -0.1300   0.4399  10.0000  15.0000
 -117.010   36.010  -4.5862   0.1810   3.1824   0.1824  -0.4562   0.4747  10.0000  15.0000
 -117.010   36.510  -3.4528   0.1928   1.8634   0.1932  -0.2509   0.3328  11.0000  16.0000
 -116.510   32.010 -28.7458   0.2459  29.6974   0.2466  -1.1375   0.4984  15.0000  20.0000
 -116.510   32.510 -28.2803   0.2140  27.0469   0.2139  -1.0689   0.4274  14.0000  16.0000
 -116.510   33.010 -26.4391   0.2125  25.4892   0.2094  -0.2238   0.3971   9.0000  11.0000
 -116.510   33.510 -18.7345   0.1260  19.2332   0.1278   0.2793   0.3059   5.0000   9.0000
 -116.510   34.010 -10.6145   0.1711  13.1104   0.1709   1.7137   0.3262   7.0000   8.0000
 -116.510   34.510  -6.5346   0.1788   5.5038   0.1781   0.8192   0.3349   6.0000  11.0000
 -116.510   35.010  -5.7283   0.1768   3.5025   0.1768   0.5006   0.3770  12.0000  14.0000
 -116.510   35.510  -3.7428   0.2628   1.9116   0.2647   0.2447   0.4669  12.0000  18.0000
 -116.510   36.010  -3.1563   0.2556   0.8412   0.2572  -0.1502   0.4311  13.0000  16.0000
 -116.510   36.510  -2.8937   0.1810   0.6402   0.1811  -0.4377   0.2898  10.0000   9.0000
 -116.010   32.010 -26.8988   0.1455  28.7832   0.1455  -0.2653   0.4481  10.0000  23.0000
 -116.010   32.510 -26.8238   0.1389  26.4072   0.1388  -0.5067   0.3120  10.0000  12.0000
 -116.010   33.010 -22.1390   0.1608  22.3543   0.1613   0.4457   0.3213   7.0000  10.0000
 -116.010   33.510 -11.3136   0.1605  11.5762   0.1584   0.3065   0.3036   6.0000  11.0000
 -116.010   34.010  -4.9193   0.2463   4.6786   0.2440   0.1223   0.3742   7.0000   8.0000
 -116.010   34.510  -3.1004   0.2159   1.6701   0.2163   0.2340   0.3635   9.0000  11.0000
 -116.010   35.010  -4.0095   0.2026   0.7550   0.2025   0.5592   0.4252  14.0000  16.0000
 -116.010   35.510  -3.4913   0.2538   0.3186   0.2547   0.4555   0.4300  16.0000  18.0000
 -116.010   36.010  -2.8372   0.2523   0.1750   0.2530   0.1739   0.4579  11.0000  13.0000
 -116.010   36.510  -2.7945   0.2408   0.2290   0.2408  -0.1731   0.3828  11.0000  11.0000
 -115.510   32.010 -25.0405   0.1938  27.1803   0.1938   1.3339   0.4583  15.0000  21.0000
 -115.510   32.510 -20.3016   0.1472  23.3864   0.1475  -1.3859   0.4237   7.0000   9.0000
 -115.510   33.010  -6.1468   0.1482   6.2925   0.1467  -1.9850   0.3146   5.0000   9.0000
 -115.510   33.510  -4.6244   0.1835   1.9021   0.1762  -0.5152   0.4108  11.0000  14.0000
 -115.510   34.010  -3.7702   0.1675   1.6594   0.1660  -0.1193   0.3508  13.0000  14.0000
 -115.510   34.510  -2.8638   0.2201   0.5637   0.2182  -0.1843   0.4345  15.0000  18.0000
 -115.510   35.010  -3.1427   0.2401   0.3211   0.2389   0.0873   0.4165  16.0000  18.0000
 -115.510   35.510  -2.7410   0.3664   0.3495   0.3664   0.0255   0.6179  13.0000  13.0000
 -115.510   36.010  -2.4115   0.2830  -0.1220   0.2831   0.1745   0.5070  21.0000  24.0000
 -115.510   36.510  -3.4227   0.5178   0.6325   0.5178  -0.0485   0.8328  18.0000  19.0000
 -115.010   32.010 -13.4374   0.2626  14.0727   0.2571   0.5329   0.5189  16.0000  26.0000
 -115.010   32.510  -6.7295   0.1698   3.9280   0.1695  -1.3228   0.3581  12.0000  16.0000
 -115.010   33.010   0.2980   0.2511  -1.2338   0.2453  -0.6283   0.3934   8.0000  13.0000
 -115.010   33.510  -2.2758   0.2039   0.6271   0.1936  -0.1683   0.3861  14.0000  18.0000
 -115.010   34.010  -2.7071   0.2357   0.6554   0.2306  -0.6813   0.5214  18.0000  19.0000
 -115.010   34.510  -2.1718   0.3084   0.1280   0.2942  -0.4129   0.4903  19.0000  21.0000
 -115.010   35.010  -2.8564   0.3872   0.4033   0.3665  -0.4591   0.6148  20.0000  21.0000
 -115.010   35.510  -2.5468   0.3886   0.0706   0.3785   0.1848   0.6412  27.0000  28.0000
 -115.010   36.010  -1.4949   0.3362  -0.7490   0.3362   0.3250   0.6478  23.0000  25.0000
 -114.510   32.510  -4.5620   0.2961   2.5095   0.2907  -0.8931   0.4854  16.0000  23.0000
 -114.510   33.010  -1.7923   0.1839   1.5495   0.1808   0.0422   0.3468  17.0000  21.0000
 -114.510   33.510  -1.9737   0.2691   0.8637   0.2595   0.2753   0.5061  20.0000  22.0000
 -114.510   34.010  -0.4537   0.4484   0.2147   0.4172   0.2265   0.4795  20.0000  25.0000
 -114.510   34.510  -0.6295   0.5145   0.1999   0.4633   0.0043   0.5963  21.0000  26.0000
 -114.510   35.010  -2.1258   0.5964   0.1513   0.5528  -0.3562   0.8255  29.0000  31.0000
 -114.510   35.510  -1.9746   0.6580  -0.1015   0.6232   0.2671   0.9008  33.0000  35.0000
 -114.510   36.010  -1.4072   0.4649  -0.6117   0.4583   0.6832   0.7263  27.0000  27.0000
