     0.2422    0.9576    3.9543
 1site,2lon,3lat,4vE,5vE_interp,6vE_interp_sig,7vN,8vN_interp,9vN_interp_sig
P544_CGP -119.7380   35.7313  -10.63  -11.21    0.11   11.31   12.60    0.11
VNCO_CGP -119.2377   34.2758  -29.37  -28.56    0.14   27.76   28.56    0.14
P477_CGP -117.1134   33.5028  -24.43  -24.60    0.16   25.25   25.06    0.16
WHC1_CGP -118.0312   33.9799  -26.02  -26.20    0.12   24.82   25.07    0.12
MHMS_CGP -118.2441   33.9391  -26.15  -26.01    0.12   25.98   26.62    0.11
HOLP_CGP -118.1682   33.9245  -26.94  -26.73    0.11   25.36   26.44    0.11
HARV_CGP -120.6821   34.4694  -31.08    0.00    0.00   34.37    0.00    0.00
P506_CGP -115.5102   33.0814   -4.78   -5.93    0.15    3.58    4.62    0.14
BGIS_CGP -118.1597   33.9671  -26.93  -26.79    0.11   25.16   26.04    0.11
P486_CGP -116.3223   33.2602  -22.72  -22.44    0.17   21.62   21.05    0.17
ELSC_CGP -118.2084   34.0297  -25.93  -26.02    0.11   23.47   24.40    0.11
TOST_CGP -118.8367   34.2480  -26.94  -27.53    0.14   29.25   28.45    0.14
LPHS_CGP -117.9567   34.0268  -26.50  -24.96    0.13   24.10   23.63    0.13
P509_CGP -115.2939   32.8907   -2.11   -2.38    0.14    3.42    2.89    0.14
ELLY_CGP -118.1288   33.5835  -28.31  -27.11    0.14   28.45   29.50    0.14
WNRA_CGP -118.0593   34.0432  -25.31  -25.86    0.12   24.03   23.60    0.12
PLO3_CGP -117.2430   32.6654  -28.53  -28.40    0.38   28.49   28.55    0.38
USC1_CGP -118.2851   34.0239  -25.53  -26.22    0.12   25.69   24.86    0.12
IID2_CGP -115.0318   32.7062   -3.23   -4.05    0.18    2.14    2.00    0.18
LINJ_CGP -118.1392   34.6620  -14.99  -15.46    0.18   16.75   16.75    0.17
CCCO_CGP -118.2112   33.8763  -24.86  -26.94    0.13   27.97   26.83    0.13
IVCO_CGP -115.5068   32.8294  -13.54  -12.09    0.15   19.38   17.56    0.15
CVHS_CGP -117.9017   34.0820  -25.09  -24.89    0.14   22.38   22.41    0.14
P475_CGP -117.2439   32.6664  -28.73  -28.41    0.42   28.39   28.54    0.42
P502_CGP -115.4219   32.9825   -4.30   -4.30    0.14    4.16    4.67    0.13
WGPP_CGP -118.9837   35.0108  -16.10  -17.33    0.16   16.09   14.10    0.16
P302_CGP -120.6186   36.6347   -7.45   -9.52    0.19    9.55    9.07    0.19
PTEX_CGP -116.5212   32.2885  -30.04  -27.79    0.22   27.48   28.54    0.22
FVPK_CGP -117.9357   33.6623  -26.28  -27.00    0.14   28.79   27.34    0.13
GVRS_CGP -118.1129   34.0474  -26.31  -25.66    0.12   23.24   23.97    0.12
SGHS_CGP -118.1090   34.0886  -25.30  -25.26    0.12   23.14   23.10    0.11
VYAS_CGP -117.9920   34.0309  -24.00  -26.07    0.12   23.81   23.87    0.12
WCHS_CGP -117.9111   34.0619  -25.19  -25.28    0.14   23.08   22.84    0.14
HBCO_CGP -118.2858   33.7836  -25.78  -27.35    0.16   28.59   28.35    0.16
HW62_CGP -114.8447   34.0650   -2.61   -2.10    0.24    0.48    0.54    0.22
PHJX_CGP -115.5505   32.4901  -21.52  -20.44    0.14   23.89   25.26    0.14
P527_CGP -120.6048   35.7541  -26.12  -24.99    0.09   30.45   31.30    0.09
P796_CGP -114.7593   32.4979   -4.45   -4.89    0.20    2.76    4.22    0.20
VDCY_CGP -118.2200   34.1786  -25.10  -25.29    0.16   23.27   23.39    0.16
CCCS_CGP -117.8649   33.8627  -26.63  -25.70    0.11   25.57   25.80    0.11
DLUZ_CGP -117.3072   33.4306  -26.87  -25.54    0.16   26.51   26.01    0.17
FMTP_CGP -118.8941   34.4099  -26.01  -26.90    0.17   24.37   25.61    0.17
FXHS_CGP -118.3595   34.0806  -29.53  -26.31    0.15   24.71   24.91    0.15
ACSB_CGP -117.4449   33.2743  -26.91  -27.23    0.29   26.75   27.26    0.29
BILL_CGP -117.0646   33.5782  -24.01  -23.41    0.15   24.04   24.85    0.15
CIC1_CGP -116.6658   31.8707  -29.45  -29.48    0.51   29.42   30.10    0.51
CLBD_CGP -117.3110   33.1354  -27.53  -27.10    0.26   27.01   27.07    0.26
LASC_CGP -118.3065   33.9279  -26.06  -25.46    0.14   26.90   27.27    0.14
LOMP_CGP -120.4466   34.6909  -30.01  -30.05    0.17   32.21   33.19    0.17
SONG_CGP -117.5603   33.3807  -27.50  -26.57    0.27   27.28   26.60    0.27
BMRY_CGP -116.9847   33.9627  -14.93  -16.93    0.17   18.41   18.37    0.17
DESC_CGP -116.6418   32.8299  -27.14  -27.04    0.19   26.22   26.35    0.19
LGWD_CGP -117.7645   33.6406  -26.67  -26.37    0.16   26.84   27.06    0.16
P556_CGP -118.5455   34.7711  -16.40  -15.99    0.18   17.87   17.05    0.17
RTHS_CGP -117.3533   34.0891  -19.83  -19.75    0.16   21.02   20.66    0.16
AR27_CGP -117.3249   33.3418  -26.29  -26.47    0.20   26.11   26.55    0.20
AR53_CGP -117.4765   33.3811  -26.29  -26.68    0.21   26.46   26.76    0.21
AZU1_CGP -117.8965   34.1260  -24.28  -24.47    0.13   21.38   21.77    0.13
CAT2_CGP -118.3338   33.3116  -28.69  -29.00    0.25   31.11   30.60    0.24
SBCC_CGP -117.6615   33.5530  -26.27  -26.32    0.19   27.11   26.81    0.19
SOMT_CGP -119.0643   34.3199  -27.15  -28.67    0.18   28.12   28.47    0.18
TWMS_CGP -117.7255   33.9725  -23.59  -24.26    0.11   23.13   24.15    0.11
VTOR_CGP -117.1932   33.2250  -26.80  -26.69    0.20   26.18   26.56    0.20
BAR1_CGP -119.0297   33.4805  -29.52  -29.29    0.17   32.51   32.29    0.16
OEOC_CGP -117.7441   33.7659  -26.24  -25.57    0.14   26.44   26.29    0.13
P066_CGP -116.1698   32.6165  -27.24  -26.43    0.14   26.68   25.99    0.14
P473_CGP -116.9495   32.7338  -27.58  -27.43    0.23   27.21   27.23    0.23
P505_CGP -115.6870   33.4239   -5.33   -6.14    0.19    2.93    3.26    0.19
P623_CGP -114.5994   34.1889   -2.47   -1.19    0.39    0.61    0.34    0.36
POTR_CGP -116.5909   32.6184  -27.48  -27.99    0.19   26.90   26.87    0.19
RMVJ_CGP -117.5553   33.4858  -26.58  -25.97    0.20   26.78   26.58    0.20
SPMS_CGP -117.8488   33.9927  -24.70  -25.05    0.12   23.47   23.73    0.12
CSST_CGP -119.3712   34.4081  -28.76  -28.82    0.15   25.80   26.42    0.15
DHLG_CGP -115.7880   33.3898  -11.74   -9.11    0.15    8.36    7.34    0.15
HVYS_CGP -119.1875   34.4412  -27.54  -27.62    0.15   23.65   24.54    0.15
MJPK_CGP -117.5505   33.7145  -25.53  -25.27    0.18   25.88   26.53    0.18
MVFD_CGP -116.5253   33.2109  -24.54  -24.88    0.15   23.78   23.72    0.15
P494_CGP -115.7321   32.7597  -23.07  -21.20    0.15   25.55   25.24    0.15
P625_CGP -114.9651   34.8444   -2.86   -2.48    0.41    0.42   -0.07    0.38
RAMT_CGP -117.6833   35.3387   -7.50   -8.00    0.20   11.02   11.08    0.19
SIO5_CGP -117.2497   32.8407  -27.49  -27.78    0.33   27.89   27.65    0.33
THMS_CGP -117.7668   33.5496  -27.18  -26.54    0.19   27.34   27.50    0.19
CMP9_CGP -118.4114   34.3532  -24.68  -24.76    0.15   22.63   22.06    0.15
DSME_CGP -117.2495   33.0365  -27.15  -27.47    0.28   27.09   27.12    0.28
HNPS_CGP -115.6353   33.7050   -4.86   -4.84    0.16    2.12    2.35    0.16
IMPS_CGP -115.1451   34.1576   -2.72   -2.98    0.27    0.67    0.74    0.26
KBRC_CGP -119.0082   34.3985  -26.63  -27.54    0.19   23.90   26.15    0.19
NDAP_CGP -114.6186   34.7677   -2.44   -1.98    0.60   -0.48    0.32    0.52
OVLS_CGP -119.1419   34.3274  -27.75  -28.43    0.15   27.34   27.20    0.15
P231_CGP -121.9054   36.6217  -28.39  -27.98    0.18   34.01   34.89    0.18
P478_CGP -117.0716   33.2357  -26.39  -26.18    0.19   26.14   26.34    0.19
P508_CGP -115.4287   33.2478   -4.04   -3.76    0.13    2.16    1.39    0.12
P590_CGP -117.3647   35.1168   -7.42   -7.23    0.20   10.12   10.11    0.20
P592_CGP -117.3032   35.2386   -6.79   -7.32    0.21    9.71    9.39    0.21
P596_CGP -116.8895   35.9982   -4.39   -4.11    0.19    2.69    2.73    0.19
PALX_CGP -116.0638   31.5591  -30.97  -29.58    0.25   29.45   30.00    0.25
PHLB_CGP -117.6945   34.9254   -9.49   -9.86    0.16   12.82   12.90    0.16
PTAX_CGP -115.4563   32.3775  -19.73  -20.76    0.14   25.47   25.51    0.14
SNI1_CGP -119.5244   33.2479  -30.71  -31.40    0.55   33.85   34.41    0.55
VONS_CGP -116.6229   36.5941   -2.95   -3.10    0.20    0.71    0.85    0.20
VTIS_CGP -118.2938   33.7126  -27.50  -27.41    0.24   28.89   29.37    0.24
ARGU_CGP -117.5219   36.0500   -6.94   -6.93    0.20    5.97    5.81    0.20
BSRY_CGP -117.0120   34.9186   -8.53   -8.87    0.18    9.62    8.58    0.18
ECFS_CGP -117.4117   33.6477  -24.63  -25.55    0.21   25.84   26.68    0.21
NSSS_CGP -116.9727   32.5793  -27.52  -27.99    0.26   27.71   28.11    0.26
P091_CGP -117.5315   36.6143   -4.83   -5.20    0.20    2.97    3.16    0.20
P172_CGP -121.7672   36.2281  -28.95  -30.38    0.20   34.97   37.79    0.20
P284_CGP -120.9068   35.9333  -26.72  -26.38    0.12   31.64   32.89    0.12
P526_CGP -120.8697   35.6360  -26.07  -27.06    0.13   33.22   33.42    0.13
P588_CGP -117.2676   34.7854   -9.78   -9.65    0.19   11.90   11.29    0.19
P594_CGP -117.3901   35.8967   -6.46   -6.46    0.19    5.63    5.20    0.19
P595_CGP -117.4028   35.6976   -7.00   -7.09    0.18    7.04    7.05    0.19
RAAP_CGP -116.9172   33.0422  -27.02  -26.55    0.17   26.40   26.51    0.17
SCIP_CGP -118.4879   32.9144  -30.29  -29.88    0.39   32.55   31.90    0.39
BATM_CGP -116.5116   36.4035   -2.87   -2.89    0.19    0.68    0.65    0.19
CICE_CGP -116.6674   31.8713  -29.15  -29.84    0.36   29.12   31.09    0.36
CPBN_CGP -117.5730   35.0717   -8.15   -8.44    0.20   11.59   11.52    0.19
FMVT_CGP -118.8840   34.3563  -27.42  -27.13    0.16   27.56   27.06    0.16
LICE_CGP -116.4013   36.8566   -2.97   -2.99    0.29    0.34    0.38    0.29
MIG1_CGP -120.3514   34.0383  -30.63    0.00    0.00   35.08    0.00    0.00
NEVA_CGP -116.3103   36.8504   -2.97   -2.96    0.31    0.32    0.27    0.31
P171_CGP -121.7925   36.4855  -28.21  -28.41    0.18   35.08   34.19    0.18
P238_CGP -121.4528   36.8491  -17.30  -20.10    0.18   24.59   23.07    0.18
P472_CGP -117.1047   32.8892  -27.46  -27.41    0.24   26.95   27.25    0.24
P501_CGP -115.3979   32.8758   -3.02   -3.52    0.15    5.85    5.53    0.15
P511_CGP -115.2961   33.8869   -3.49   -2.88    0.18    1.12    0.81    0.17
P580_CGP -117.1922   35.6209   -6.30   -6.23    0.18    6.37    6.57    0.17
P583_CGP -117.5434   34.9870   -8.56   -8.58    0.20   11.68   11.72    0.20
P593_CGP -117.2051   35.3879   -6.05   -6.86    0.22    8.38    9.17    0.22
PSDM_CGP -117.8071   34.0918  -24.17  -24.31    0.13   21.95   22.40    0.13
ROGE_CGP -117.0855   36.2179   -4.27   -4.08    0.17    3.34    2.95    0.17
CAT1_CGP -118.4830   33.4458  -28.47  -28.58    0.12   31.35   31.11    0.12
CRFP_CGP -117.0997   34.0391  -16.72  -16.32    0.18   17.75   18.10    0.18
HIVI_CGP -117.7995   34.7599  -11.74  -11.63    0.16   14.25   14.52    0.16
LITT_CGP -116.3082   36.7459   -2.89   -2.98    0.22    0.32    0.41    0.22
LNMT_CGP -116.9397   35.0902   -6.79   -7.56    0.20    7.60    7.84    0.20
MERC_CGP -115.9790   36.6325   -2.78   -2.89    0.37    0.12    0.21    0.37
MONP_CGP -116.4223   32.8919  -26.80  -26.56    0.17   25.75   25.39    0.17
NBPS_CGP -116.1482   34.5086   -2.33   -3.42    0.19    2.27    2.55    0.19
P092_CGP -117.4068   36.8042   -4.48   -4.53    0.20    2.44    2.29    0.20
P093_CGP -117.9941   36.6060   -6.98   -7.05    0.20    5.31    5.98    0.20
P210_CGP -121.7318   36.8161  -27.64  -26.92    0.20   31.96   31.55    0.20
P233_CGP -121.4203   36.8004  -17.50  -19.86    0.19   24.88   24.00    0.19
P462_CGP -116.6287   36.0713   -3.25   -3.34    0.22    0.81    1.38    0.22
P463_CGP -117.1647   36.0225   -4.82   -5.15    0.19    3.77    3.90    0.19
P464_CGP -117.4100   36.1590   -5.71   -5.99    0.17    4.54    4.45    0.17
P466_CGP -117.7895   36.5312   -6.17   -6.45    0.20    4.55    4.68    0.20
P591_CGP -118.0165   35.1524   -8.78   -8.75    0.21   12.41   12.23    0.20
P597_CGP -116.8884   35.7106   -4.75   -4.81    0.20    4.09    4.12    0.20
P610_CGP -115.7637   34.4257   -2.82   -2.79    0.21    1.36    1.16    0.21
PJZX_CGP -115.8837   32.4170  -26.56  -24.52    0.16   26.19   26.63    0.16
PSAP_CGP -116.4940   33.8192  -13.31  -13.22    0.15   16.17   15.96    0.15
PVRS_CGP -118.3206   33.7739  -27.69  -27.21    0.19   28.40   28.59    0.19
REP4_CGP -116.4661   36.8491   -2.88   -3.03    0.26    0.36    0.46    0.26
SCIA_CGP -117.3883   34.6074  -12.03  -11.69    0.16   13.53   13.15    0.16
SIO3_CGP -117.2504   32.8647  -27.68  -27.53    0.32   27.49   27.77    0.32
SKUL_CGP -116.2106   36.7305   -2.98   -2.88    0.28    0.29    0.30    0.28
UCLP_CGP -118.4419   34.0691  -26.24  -27.01    0.14   25.44   26.00    0.14
ANA1_CGP -119.3635   34.0150  -29.34  -29.37    0.26   31.20   34.03    0.24
ASHM_CGP -116.1394   36.3459   -2.75   -2.80    0.22    0.47    0.31    0.22
BBDM_CGP -119.9815   34.5822  -29.39  -30.12    0.20   30.08   30.63    0.20
CRHS_CGP -118.2728   33.8235  -27.17  -27.03    0.14   27.99   28.04    0.14
CRRS_CGP -115.7350   33.0698  -13.21  -14.40    0.14   17.75   14.51    0.13
CRU1_CGP -119.7848   34.0293  -29.98  -29.06    0.28   33.22   33.84    0.27
DAM2_CGP -118.3969   34.3348  -24.48  -25.20    0.18   22.62   22.12    0.18
EWPP_CGP -117.5256   34.1042  -22.35  -21.77    0.13   21.47   22.02    0.13
GMRC_CGP -115.6602   34.7840   -3.03   -3.03    0.26    0.43    0.27    0.26
HELB_CGP -119.0230   36.6788   -9.17   -9.49    0.36    9.20    8.00    0.36
OGHS_CGP -117.0418   33.1306  -26.61  -26.76    0.18   27.23   26.37    0.18
P474_CGP -117.2487   33.3552  -26.08  -26.25    0.16   26.29   26.13    0.16
P483_CGP -116.5693   33.0592  -26.38  -25.73    0.14   25.59   24.93    0.14
P500_CGP -115.2999   32.6900   -5.35   -8.40    0.14    8.62    9.47    0.13
P510_CGP -115.3433   33.1436   -3.46   -2.05    0.20    2.33    1.39    0.19
P530_CGP -120.4804   35.6248  -25.03  -24.88    0.10   30.92   30.50    0.10
P575_CGP -117.5422   34.2155  -21.32  -19.59    0.16   19.68   19.91    0.17
P579_CGP -118.0058   35.0388   -9.20  -10.20    0.18   13.11   13.15    0.18
P741_CGP -116.5310   33.5575  -17.87  -17.23    0.18   18.58   21.23    0.18
PMOB_CGP -116.8595   33.3572  -24.84  -23.56    0.12   25.18   25.16    0.11
POIN_CGP -116.1198   36.5796   -2.80   -2.84    0.27    0.26    0.31    0.27
PSTX_CGP -115.8354   31.3131  -31.50  -30.42    0.26   29.88   29.63    0.26
PVE3_CGP -118.4043   33.7433  -27.90  -28.23    0.26   28.83   30.67    0.26
REP3_CGP -116.4681   36.8413   -3.08   -2.99    0.25    0.46    0.44    0.25
REPO_CGP -116.4683   36.8404   -3.08   -2.99    0.25    0.36    0.46    0.25
RSTP_CGP -118.1929   34.8751  -11.25  -12.28    0.17   14.76   14.67    0.16
RYAN_CGP -116.6501   36.3163   -3.21   -2.94    0.19    1.22    1.03    0.19
TIVA_CGP -116.2297   36.9348   -2.94    0.00    0.00    0.09    0.00    0.00
TORP_CGP -118.3306   33.7978  -27.29  -27.34    0.17   28.10   28.50    0.17
WOMT_CGP -116.9317   34.6690  -10.57  -10.27    0.18   10.70   10.23    0.18
BUST_CGP -116.4509   36.7453   -3.10   -3.01    0.21    0.56    0.56    0.21
BVPP_CGP -119.3475   35.1573  -17.01  -15.41    0.17   13.80   14.53    0.17
CCCC_CGP -117.6712   35.5653   -8.16   -8.78    0.22    9.31    9.30    0.21
CHLO_CGP -116.7655   36.7465   -3.23   -3.24    0.19    0.95    0.93    0.19
CNPP_CGP -117.6089   33.8576  -23.81  -24.10    0.18   24.30   25.65    0.18
GLRS_CGP -115.5214   33.2748   -5.44   -4.30    0.25    1.78    1.21    0.24
GMPK_CGP -114.8273   33.0511   -2.43   -1.29    0.17    1.68    0.17    0.17
HELL_CGP -116.9792   36.7236   -3.76   -3.41    0.18    1.51    1.12    0.18
JOHN_CGP -116.0990   36.4588   -2.82   -2.78    0.25    0.35    0.34    0.25
MAT2_CGP -117.4367   33.8568  -22.99  -23.58    0.20   24.05   24.35    0.19
MLFP_CGP -117.3180   33.9184  -22.17  -21.73    0.17   23.21   23.38    0.17
OCSD_CGP -117.3467   33.2407  -27.21  -26.93    0.23   27.52   26.67    0.23
OPBL_CGP -115.9181   34.3699   -2.24   -2.22    0.23    1.80    2.08    0.22
P476_CGP -117.1897   33.4396  -25.55  -25.38    0.14   25.57   25.80    0.14
P607_CGP -115.8207   33.7410   -6.07   -5.90    0.14    3.87    4.06    0.14
P616_CGP -117.8933   35.4246   -8.81   -9.67    0.20   10.18   10.28    0.19
P622_CGP -115.3659   35.1630   -3.03   -3.12    0.26    0.24    0.30    0.25
P811_CGP -118.0166   35.1524   -8.68   -8.77    0.21   12.51   12.16    0.20
P812_CGP -118.0165   35.1525   -8.38   -9.30    0.19   12.11   12.34    0.19
PERL_CGP -116.6864   36.9018   -3.19   -3.11    0.26    0.73    0.71    0.26
STRI_CGP -116.3378   36.6446   -2.91   -2.94    0.21    0.62    0.44    0.21
WHYT_CGP -117.6435   33.6745  -25.55  -25.81    0.15   26.61   24.89    0.15
AGMT_CGP -116.4294   34.5943   -7.04   -6.12    0.17    6.75    4.30    0.17
BEMT_CGP -115.9982   34.0005   -4.93   -5.41    0.17    4.63    4.96    0.17
BLYT_CGP -114.7148   33.6104   -2.40   -1.53    0.21    0.75    0.67    0.20
BTDM_CGP -118.1882   34.2928  -24.17  -24.06    0.14   21.76   21.87    0.14
BULL_CGP -116.8717   36.9176   -3.31   -3.19    0.26    0.98    0.69    0.26
CIRX_CGP -118.9373   34.1096  -28.38  -27.89    0.18   29.28   30.07    0.16
CLAR_CGP -117.7088   34.1099  -23.16  -23.78    0.14   21.43   22.16    0.14
CSCI_CGP -119.0390   34.1684  -28.68  -28.16    0.17   29.71   29.84    0.16
ECCO_CGP -118.3290   33.8868  -26.67  -26.84    0.12   28.40   27.57    0.13
HCMN_CGP -116.4301   34.7548   -7.31   -6.63    0.17    3.85    4.12    0.18
JPLM_CGP -118.1732   34.2048  -24.99  -24.61    0.13   22.76   22.63    0.13
LORS_CGP -117.7541   34.1333  -23.46  -23.94    0.16   21.14   21.76    0.16
MPWD_CGP -118.8780   34.2955  -27.63  -27.46    0.15   28.16   28.63    0.15
MRDM_CGP -117.8817   34.1752  -23.86  -23.78    0.12   20.98   21.10    0.12
NHRG_CGP -119.1413   34.4987  -26.52  -27.00    0.18   22.54   23.24    0.19
ORMT_CGP -116.8151   34.6749  -10.56   -9.72    0.17    9.76    9.03    0.17
OXYC_CGP -118.2073   34.1288  -25.70  -25.49    0.16   23.17   23.03    0.16
P003_CGP -114.0050   32.7225   -2.84   -0.87    0.36    0.73    1.47    0.33
P180_CGP -121.4032   36.2928  -27.90  -27.83    0.17   34.07   33.61    0.17
P232_CGP -121.5790   36.7240  -27.74  -26.32    0.23   33.52   31.55    0.23
P467_CGP -118.0906   36.5702   -7.70   -7.75    0.18    7.03    6.75    0.18
P468_CGP -118.1184   36.9757   -6.52   -6.57    0.36    4.94    4.85    0.36
P471_CGP -117.5409   33.5621  -25.26  -25.72    0.16   26.38   26.77    0.16
P480_CGP -116.3485   32.9760  -26.28  -25.59    0.19   24.73   24.90    0.19
P482_CGP -116.6714   33.2402  -25.15  -23.67    0.13   24.62   24.33    0.12
P484_CGP -116.6208   33.3756  -23.42  -22.71    0.15   22.81   22.68    0.15
P485_CGP -116.4090   33.2102  -24.83  -23.54    0.14   22.85   22.98    0.14
P562_CGP -118.1887   34.9821  -10.33  -10.89    0.19   13.76   13.58    0.19
P608_CGP -115.6866   33.9941   -4.20   -3.88    0.17    2.13    2.63    0.17
P614_CGP -115.2503   34.7318   -2.81   -2.29    0.27   -0.40    0.17    0.27
P620_CGP -116.1449   35.7854   -3.37   -3.27    0.28    1.17    0.38    0.28
P621_CGP -115.5439   35.4728   -2.88   -3.13    0.31    0.39    0.28    0.31
P626_CGP -115.2383   35.2911   -2.89   -2.63    0.36    0.20    0.22    0.35
PBHR_CGP -121.2724   35.7090  -28.50  -29.07    0.34   35.44   35.55    0.34
PHIN_CGP -117.0339   36.9804   -3.21   -3.52    0.29    0.63    1.00    0.29
PKRD_CGP -118.2329   34.0716  -25.92  -26.31    0.12   23.78   23.28    0.13
RELA_CGP -116.5543   36.7154   -3.12   -3.03    0.20    0.69    0.67    0.20
RHCL_CGP -118.0262   34.0191  -25.81  -25.60    0.12   23.82   24.24    0.12
RUMP_CGP -115.8685   36.2569   -2.74   -2.84    0.20    0.09    0.23    0.20
SA63_CGP -114.4957   32.6889   -1.89   -3.20    0.21    1.48    2.09    0.20
SHOS_CGP -116.2990   35.9713   -3.24   -3.10    0.25    0.81    0.56    0.26
SIBE_CGP -116.0156   34.6243   -4.70   -3.33    0.22    0.63    1.29    0.22
SILK_CGP -118.2639   34.1029  -26.92  -26.18    0.14   22.49   23.83    0.14
SLMS_CGP -115.9778   33.2922  -12.58  -14.16    0.15   15.22   15.31    0.15
SMYC_CGP -115.5875   36.3196   -2.81   -2.62    0.29    0.10    0.07    0.29
SRS1_CGP -120.0652   34.0043  -30.11  -29.98    0.22   34.40   34.96    0.21
TATE_CGP -116.5743   36.9316   -2.97   -3.12    0.33    0.49    0.57    0.33
WLSN_CGP -118.0559   34.2261  -24.17  -23.99    0.13   20.53   21.47    0.13
WMAP_CGP -118.4143   34.2594  -25.30  -25.56    0.13   24.03   24.39    0.13
APEX_CGP -114.9318   36.3191   -2.65   -2.25    0.39    0.21   -0.11    0.39
BRAN_CGP -118.2770   34.1849  -25.70  -25.33    0.14   23.69   24.03    0.14
COPR_CGP -119.8795   34.4149  -29.71  -29.71    0.21   29.75   30.09    0.21
GOL2_CGP -116.8892   35.4252   -5.41   -5.35    0.23    6.29    5.64    0.23
LONG_CGP -118.0034   34.1119  -25.29  -25.04    0.11   21.41   22.74    0.11
NOCO_CGP -117.5696   33.9197  -22.99  -23.81    0.16   23.58   24.93    0.16
NOPE_CGP -115.9850   35.9695   -2.81   -3.09    0.26    0.12    0.60    0.26
OAES_CGP -116.0677   34.1410   -4.30   -2.48    0.21    3.35    3.74    0.21
P300_CGP -120.2770   36.3044   -6.48   -8.31    0.14   11.76   11.76    0.15
P479_CGP -116.7829   33.4933  -22.71  -23.77    0.18   22.76   25.45    0.19
P490_CGP -116.4259   33.5235  -17.37  -17.68    0.12   17.25   17.99    0.12
P504_CGP -115.7658   33.5164   -8.01   -8.42    0.14    4.56    5.26    0.14
P513_CGP -120.6502   34.9073  -29.99  -30.20    0.28   34.36   34.12    0.28
P568_CGP -118.1265   35.2543   -9.77  -10.44    0.19   11.05   11.47    0.19
P615_CGP -116.7629   35.2046   -5.74   -5.70    0.22    5.95    5.20    0.22
P740_CGP -116.5960   33.5982  -18.37  -17.92    0.20   18.70   19.20    0.22
P795_CGP -116.1481   34.5081   -3.13   -2.56    0.20    2.17    2.38    0.20
SGDM_CGP -117.8617   34.2056  -23.36  -23.61    0.13   20.77   20.92    0.13
SNHS_CGP -117.9286   33.9273  -25.42  -25.99    0.12   25.19   24.87    0.12
TRAK_CGP -117.8034   33.6179  -26.47  -26.71    0.16   27.35   27.43    0.16
VNDP_CGP -120.6164   34.5563  -31.06  -30.75    0.19   33.95   33.84    0.19
AOA1_CGP -118.8303   34.1574  -27.66  -27.58    0.13   29.05   29.35    0.13
AZRY_CGP -116.6297   33.5401  -20.08  -19.87    0.17   21.11   22.08    0.17
BKMS_CGP -118.0947   33.9623  -28.33  -26.56    0.11   28.84   24.75    0.11
CACT_CGP -115.9899   33.6551   -9.20   -8.64    0.17    8.22    6.98    0.17
CARR_CGP -120.4308   35.8883  -22.27  -19.72    0.13   28.00   24.91    0.13
CBHS_CGP -118.6298   34.1386  -27.04  -27.03    0.14   27.79   27.86    0.14
CRAT_CGP -116.5693   36.8077   -3.00   -3.09    0.23    0.69    0.63    0.23
DAM3_CGP -118.3975   34.3340  -24.68  -25.20    0.18   22.22   22.17    0.18
LBCH_CGP -118.2033   33.7878  -27.78  -26.61    0.13   27.87   28.05    0.12
LEEP_CGP -118.3218   34.1346  -26.41  -26.64    0.12   24.00   24.11    0.12
LL01_CGP -117.8350   34.4855  -16.80  -17.06    0.17   17.26   17.14    0.17
MATH_CGP -117.4368   33.8567  -23.29  -23.02    0.20   24.15   24.07    0.19
P067_CGP -121.0030   35.5518  -28.00  -27.99    0.24   34.36   34.66    0.24
P465_CGP -118.1324   36.4668   -8.42   -8.10    0.19    7.95    7.49    0.19
P548_CGP -119.5039   34.4668  -29.26  -28.70    0.16   26.24   25.99    0.16
P569_CGP -118.1238   35.3780   -9.84  -10.27    0.18   10.44   10.56    0.18
P601_CGP -116.0802   33.9593   -6.44   -6.17    0.19    6.15    6.23    0.19
P604_CGP -116.6715   34.9368   -6.29   -7.12    0.19    4.72    5.78    0.19
P609_CGP -116.8928   34.0627  -13.20  -13.30    0.19   15.09   14.74    0.19
P787_CGP -121.5808   36.7995  -27.32  -25.82    0.24   32.52   30.77    0.24
P797_CGP -116.5925   33.5373  -19.88  -19.42    0.27   18.80   20.92    0.27
SNOG_CGP -116.8078   34.0352  -12.49  -13.19    0.16   13.76   15.50    0.16
TJRN_CGP -120.1326   34.4835  -30.12  -29.76    0.22   32.52   31.88    0.22
TROY_CGP -116.5305   34.8386   -7.10   -6.77    0.18    4.68    4.18    0.18
USGC_CGP -116.0853   33.0301  -23.34  -21.90    0.16   23.55   21.54    0.16
CSN1_CGP -118.5238   34.2535  -25.81  -25.78    0.14   25.76   25.40    0.14
DSSC_CGP -116.7121   33.7333  -16.85  -16.90    0.32   18.94   19.19    0.33
ERRG_CGP -115.8227   33.1164  -16.60  -14.35    0.13   13.67   17.04    0.13
HOL3_CGP -117.8451   34.4582  -17.70  -17.85    0.16   17.56   17.75    0.16
IDOG_CGP -116.2215   33.7968  -10.39  -10.30    0.17    9.79   10.56    0.17
LFRS_CGP -118.4128   34.0951  -26.73  -26.97    0.13   24.83   25.14    0.13
P173_CGP -121.2903   35.9457  -28.35  -28.03    0.19   34.24   34.17    0.19
P212_CGP -121.8627   36.9620  -26.22  -24.33    0.21   31.60   28.57    0.21
P301_CGP -120.7431   36.8063   -9.43   -7.36    0.22    8.59   10.26    0.22
P487_CGP -116.1831   33.2135  -21.51  -20.64    0.21   19.78   20.33    0.21
P582_CGP -117.5489   34.6343  -11.74  -12.18    0.17   13.48   14.15    0.17
P617_CGP -116.5716   35.3206   -4.30   -4.59    0.24    2.69    3.20    0.24
PBPP_CGP -117.9226   34.5082  -17.20  -16.98    0.17   17.29   17.38    0.16
PVHS_CGP -118.3722   33.7795  -27.99  -27.70    0.22   28.22   29.26    0.22
QHTP_CGP -118.2448   34.6287  -16.60  -17.11    0.16   18.08   18.14    0.15
ROCH_CGP -116.6098   33.6110  -17.87  -18.32    0.17   19.01   18.71    0.18
VAN1_CGP -120.5635   34.8266  -30.30  -29.99    0.22   33.54   33.58    0.22
VNPS_CGP -118.1212   34.5015  -20.12  -19.28    0.19   19.24   19.73    0.19
BMHL_CGP -116.0530   34.2514   -2.88   -2.09    0.20    3.44    3.01    0.20
CGDM_CGP -117.9649   34.2440  -23.46  -23.38    0.13   20.60   20.53    0.13
CHIL_CGP -118.0260   34.3334  -22.54  -22.58    0.15   20.62   20.38    0.15
CHMS_CGP -117.8277   34.6405  -13.16  -13.68    0.17   15.06   15.27    0.17
I40A_CGP -115.9114   34.7273   -3.07   -3.74    0.20    0.30    0.97    0.20
P516_CGP -120.3834   35.1062  -27.92  -28.19    0.17   31.99   31.68    0.16
P525_CGP -120.8081   35.4258  -27.80  -27.64    0.19   34.31   33.79    0.19
P589_CGP -117.1102   34.6207  -10.40  -11.14    0.18   11.45   11.92    0.18
P603_CGP -116.0295   34.7169   -3.68   -3.98    0.21    1.53    0.48    0.22
P619_CGP -116.1218   35.5259   -3.62   -3.50    0.28    0.26    0.68    0.28
SAOB_CGP -121.4472   36.7653  -27.81  -23.07    0.20   33.59   28.39    0.20
VCST_CGP -119.4839   34.8515  -24.88  -24.40    0.17   22.93   23.23    0.17
VIMT_CGP -118.5144   34.1264  -27.13  -26.63    0.13   26.56   26.49    0.13
AVRY_CGP -117.1540   34.4683  -12.53  -12.79    0.17   12.26   13.53    0.17
CARH_CGP -120.4308   35.8884  -20.77  -19.49    0.13   25.10   24.86    0.13
DVLW_CGP -117.0674   33.6577  -23.00  -22.81    0.13   23.64   23.42    0.13
P281_CGP -120.3895   35.8411  -18.48  -18.07    0.10   24.89   22.87    0.10
P287_CGP -120.6978   36.0248  -26.87  -21.90    0.09   31.88   27.82    0.09
P491_CGP -116.2268   33.5747  -14.74  -13.84    0.17   14.49   15.42    0.17
P520_CGP -119.6164   34.6305  -29.44  -28.22    0.15   26.47   26.80    0.15
P586_CGP -117.2805   34.5348  -12.03  -12.22    0.18   13.30   13.05    0.17
P611_CGP -115.6498   35.2048   -3.74   -3.24    0.24    0.62    0.41    0.24
P612_CGP -117.3155   34.1874  -17.81  -17.38    0.16   16.61   17.19    0.16
P742_CGP -116.6026   33.4955  -21.19  -20.39    0.14   21.20   21.32    0.14
P799_CGP -118.3064   33.9276  -24.96  -26.09    0.14   27.40   26.95    0.14
PPBF_CGP -117.1821   33.8357  -21.77  -22.40    0.13   22.57   21.95    0.13
THCP_CGP -118.4146   35.1582  -11.21  -10.43    0.20   11.93   12.07    0.21
UCSB_CGP -119.8438   34.4133  -29.51  -29.61    0.23   29.34   29.44    0.22
DVLE_CGP -117.0007   33.7006  -21.98  -22.80    0.57   23.32   21.84    0.52
DVPB_CGP -117.8601   34.4134  -19.41  -18.98    0.15   18.77   18.46    0.15
FHOG_CGP -116.9359   34.0935  -13.19  -13.64    0.17   14.60   15.39    0.17
GHRP_CGP -117.3979   34.2039  -18.11  -17.63    0.18   17.33   17.93    0.18
KYVW_CGP -116.1734   33.9254   -7.36   -7.89    0.17    7.88    8.26    0.17
OPCX_CGP -116.1495   34.4301   -2.55   -2.90    0.20    3.27    3.52    0.20
P006_CGP -114.4569   36.1542   -1.74    0.00    0.00   -0.33    0.00    0.00
P235_CGP -121.5415   36.8143  -27.02  -24.82    0.20   33.01   29.96    0.20
P239_CGP -121.5478   36.9625  -19.99  -19.92    0.27   21.91   22.11    0.27
P481_CGP -116.0108   32.8222  -24.68  -24.32    0.15   24.53   24.71    0.15
P618_CGP -116.1039   35.1419   -4.00   -4.41    0.24    0.86    0.65    0.24
PIN2_CGP -116.4576   33.6121  -15.85  -15.75    0.20   16.76   16.35    0.20
RDMT_CGP -116.6247   34.6439   -9.55   -8.53    0.18    7.91    7.37    0.18
ROCK_CGP -118.6764   34.2357  -26.23  -26.87    0.13   27.50   27.16    0.13
VNCX_CGP -118.4845   34.2932  -25.40  -25.37    0.14   23.65   24.23    0.14
BBRY_CGP -116.8842   34.2643  -11.75  -11.78    0.15   14.09   13.59    0.15
BEPK_CGP -118.0741   35.8784   -8.63   -9.14    0.18    9.13    9.32    0.18
FGST_CGP -120.0094   34.7330  -29.86  -29.65    0.18   30.08   30.21    0.18
LAPC_CGP -118.5746   34.1819  -26.73  -26.76    0.14   27.07   27.20    0.14
LLAS_CGP -117.8379   34.5860  -14.47  -14.42    0.17   15.56   15.73    0.17
MIDA_CGP -120.4588   35.9219  -14.87  -17.21    0.11   19.61   22.50    0.11
P234_CGP -121.5912   36.8585  -26.71  -24.52    0.18   31.13   28.66    0.18
P237_CGP -121.3868   36.6370  -27.73  -24.17    0.22   33.37   29.01    0.22
P247_CGP -121.1884   36.5595  -27.52  -19.45    0.18   33.51   22.68    0.18
P288_CGP -120.8789   36.1402  -27.77  -24.63    0.13   32.33   29.37    0.13
P470_CGP -117.3939   34.4624  -13.26  -13.71    0.16   14.03   14.47    0.15
P489_CGP -116.1116   33.2962  -17.29  -17.02    0.14   15.36   18.12    0.14
P492_CGP -115.9694   32.8870  -23.67  -23.35    0.16   24.02   23.65    0.16
P497_CGP -115.5770   32.8347  -16.34  -16.13    0.15   22.50   21.40    0.15
P498_CGP -115.5696   32.8984  -13.53  -11.94    0.13   20.10   15.93    0.13
P514_CGP -120.4097   35.0107  -29.04  -28.94    0.19   32.50   32.26    0.19
P515_CGP -120.2398   34.8706  -29.75  -28.84    0.18   31.05   31.63    0.18
P519_CGP -119.7924   34.5078  -30.08  -30.19    0.24   29.22   29.56    0.24
P521_CGP -119.8154   34.8886  -27.31  -27.30    0.18   27.33   28.04    0.18
P523_CGP -120.8603   35.3044  -28.43  -28.55    0.32   34.72   34.91    0.32
P524_CGP -120.5909   35.1661  -28.53  -28.64    0.21   33.55   33.11    0.21
P576_CGP -120.9700   35.6697  -27.57  -27.21    0.20   34.05   33.62    0.20
P606_CGP -116.8796   34.4621  -11.01  -10.90    0.17   11.68   12.17    0.17
P788_CGP -121.4788   36.7443  -27.32  -26.06    0.21   33.19   31.61    0.21
PKDB_CGP -120.5416   35.9452  -22.57  -23.32    0.15   29.63   29.63    0.16
SKYB_CGP -118.4786   34.4386  -22.87  -23.49    0.16   20.75   22.62    0.16
TABL_CGP -117.6783   34.3818  -18.10  -17.79    0.15   17.82   17.40    0.15
USLO_CGP -120.6611   35.3118  -27.81  -27.49    0.22   33.17   32.87    0.22
CCST_CGP -119.0135   34.8064  -21.44  -22.07    0.15   19.00   17.98    0.16
LOWS_CGP -120.5943   35.8287  -24.40  -25.04    0.09   30.95   30.99    0.09
OPCP_CGP -116.0834   34.3671   -1.86   -2.61    0.21    3.45    3.13    0.20
P211_CGP -121.6980   36.8792  -27.02  -25.54    0.23   30.85   29.85    0.23
P236_CGP -121.5545   36.9035  -21.50  -22.28    0.19   24.32   25.62    0.19
P250_CGP -121.2684   36.9500  -11.86  -12.68    0.21    9.24   11.98    0.21
P291_CGP -120.6448   35.9228  -25.09  -24.19    0.10   31.76   31.35    0.10
P488_CGP -116.0788   33.2010  -19.81  -18.38    0.14   17.85   18.62    0.14
P518_CGP -120.0753   35.0200  -27.41  -27.52    0.17   29.20   29.44    0.17
P528_CGP -120.5454   35.3278  -26.90  -27.19    0.16   32.33   32.05    0.16
P547_CGP -119.9094   35.9347   -9.81   -9.79    0.09   12.45   13.01    0.10
P555_CGP -118.6694   34.6950  -19.83  -20.13    0.14   20.00   18.96    0.14
P559_CGP -118.6176   34.8389  -14.90  -15.29    0.15   15.99   16.03    0.15
P560_CGP -118.5409   34.8218  -14.49  -14.60    0.18   15.96   16.37    0.16
P573_CGP -118.2605   36.0931   -9.11   -9.52    0.19    8.58    8.68    0.19
P581_CGP -117.7290   34.5097  -14.68  -15.83    0.14   15.93   16.19    0.14
P600_CGP -116.2119   33.8658   -9.08   -8.87    0.17    9.49    9.30    0.17
P613_CGP -117.0500   34.1962  -13.18  -14.04    0.17   15.03   14.75    0.17
SPK1_CGP -118.6462   34.0593  -27.56  -27.25    0.20   28.10   28.81    0.19
WRHS_CGP -118.4276   33.9582  -27.36  -26.46    0.13   27.73   27.91    0.13
BCWR_CGP -119.4058   34.9205  -21.76  -21.65    0.19   20.21   20.52    0.19
BRPK_CGP -118.5768   34.6823  -19.23  -19.02    0.17   19.38   18.81    0.17
CRBT_CGP -120.7508   35.7916  -25.63  -25.97    0.10   32.29   32.16    0.10
LNCO_CGP -119.0579   36.3600   -9.94  -10.36    0.28    9.11    9.16    0.28
LVMS_CGP -119.1037   34.7336  -23.67  -23.62    0.15   20.43   20.86    0.15
P503_CGP -115.7202   32.9489  -17.13  -17.39    0.16   19.64   19.84    0.16
P554_CGP -118.8480   34.7923  -20.83  -20.18    0.14   17.55   17.87    0.14
P570_CGP -118.2600   35.6673   -9.59   -9.96    0.18    9.48    9.59    0.18
PIN1_CGP -116.4582   33.6122  -15.75  -15.84    0.16   16.36   16.81    0.16
THMG_CGP -116.0772   33.6506  -10.51  -10.43    0.15   10.05    9.56    0.15
WIDC_CGP -116.3918   33.9348  -10.48   -9.99    0.18   12.64   12.10    0.18
WWMT_CGP -116.6539   33.9553  -12.70  -12.75    0.18   16.12   15.43    0.18
CDMT_CGP -116.3359   34.8295   -6.38   -6.38    0.18    2.02    2.32    0.18
CIT1_CGP -118.1273   34.1367  -23.90  -25.30    0.11   22.75   22.69    0.11
CTDM_CGP -118.6132   34.5165  -23.16  -24.16    0.13   20.59   19.19    0.13
DVLS_CGP -117.0536   33.6911  -22.89  -22.00    0.13   23.23   22.94    0.13
HOLC_CGP -117.8452   34.4582  -18.40  -17.76    0.16   17.86   17.71    0.16
P243_CGP -121.3352   36.9182  -12.37  -14.07    0.22    9.85   13.74    0.22
P279_CGP -121.0620   35.7906  -27.96  -27.58    0.15   33.18   33.63    0.15
P286_CGP -120.8531   36.5159   -9.70  -10.57    0.21    9.92   12.15    0.22
P517_CGP -118.1776   34.3764  -22.85  -23.87    0.15   20.66   21.25    0.15
P531_CGP -120.5366   35.7927  -24.60  -24.28    0.10   30.73   30.31    0.10
RCA2_CGP -119.7200   34.5000  -29.88  -29.50    0.21   28.20   28.04    0.21
SGPS_CGP -116.6957   33.9125  -13.61  -14.02    0.20   16.53   17.06    0.20
7ODM_CGP -117.0932   34.1164  -15.30  -15.18    0.16   15.85   16.14    0.16
CJMS_CGP -117.4794   34.3138  -16.80  -15.76    0.15   16.56   16.48    0.15
LAND_CGP -120.4733   35.8998  -21.58  -20.70    0.13   27.51   26.35    0.13
NOPK_CGP -118.3480   33.9797  -25.25  -26.36    0.13   26.21   26.89    0.13
P174_CGP -121.0509   36.3022  -28.06  -19.66    0.19   33.18   23.81    0.20
P249_CGP -121.0644   36.6116   -9.50  -18.92    0.16   10.28   22.61    0.16
P280_CGP -120.3476   35.5441  -24.43  -24.56    0.16   29.18   28.72    0.15
P297_CGP -120.5519   35.9741  -22.47  -20.57    0.09   29.04   26.85    0.09
P493_CGP -115.8249   32.9547  -20.94  -19.58    0.15   21.97   20.36    0.15
P587_CGP -118.0313   34.3322  -22.65  -22.61    0.15   20.42   20.60    0.15
P605_CGP -117.9367   34.3411  -21.73  -21.24    0.13   19.89   19.74    0.13
RNCH_CGP -120.5248   35.9000  -23.08  -22.83    0.10   29.43   29.01    0.10
WKPK_CGP -118.7415   34.5685  -23.17  -23.30    0.13   20.42   21.08    0.12
BKAP_CGP -116.0804   35.2870   -3.96   -3.79    0.26    0.35    0.63    0.26
ISLK_CGP -118.4743   35.6623  -10.02  -10.41    0.17    9.55    9.47    0.17
LBC2_CGP -118.1732   33.7916  -26.47  -27.16    0.14   27.86   27.80    0.12
LRRG_CGP -118.0300   34.5271  -17.21  -17.89    0.17   16.92   18.29    0.17
P175_CGP -121.1349   36.4259  -27.94  -25.46    0.21   33.60   30.31    0.21
P289_CGP -120.7488   36.1068  -27.36  -20.80    0.14   32.09   24.63    0.15
P535_CGP -120.1014   35.2351  -25.47  -25.13    0.17   28.01   27.71    0.16
P551_CGP -119.1546   34.8562  -20.95  -20.77    0.15   19.34   20.08    0.15
P574_CGP -117.6339   34.2868  -19.92  -19.63    0.14   18.30   18.90    0.14
P577_CGP -117.3189   34.3046  -14.98  -15.03    0.17   14.81   15.10    0.17
P790_CGP -120.5154   35.9291  -23.57  -22.49    0.14   29.83   27.74    0.15
RSVY_CGP -119.1844   34.5415  -26.71  -27.06    0.18   22.55   22.93    0.19
ALPP_CGP -118.6948   34.8245  -16.01  -17.18    0.14   16.21   16.64    0.14
CSDH_CGP -118.2567   33.8615  -28.06  -26.19    0.12   27.28   27.92    0.12
CTMS_CGP -116.3704   34.1241   -6.24   -6.20    0.16   10.43    9.27    0.16
ESE2_CGP -116.9939   33.6748  -21.99  -22.60    0.41   24.22   25.38    0.26
GDEC_CGP -119.8637   35.1894  -23.35  -22.87    0.17   24.44   23.66    0.17
GNPS_CGP -114.1894   34.3086   -1.61   -0.26    0.40    1.39   -0.50    0.35
IDQG_CGP -116.2390   33.7680  -11.60  -10.98    0.17   12.10   11.17    0.17
JLN5_CGP -120.8329   35.8732  -25.42  -26.09    0.14   33.21   32.44    0.14
LDSW_CGP -116.2091   34.6994   -4.80   -5.01    0.18    1.39    0.95    0.18
MASW_CGP -120.4431   35.8326  -22.29  -20.41    0.10   27.21   26.29    0.10
P540_CGP -120.1306   35.8013  -12.26  -12.59    0.13   15.12   15.81    0.12
P558_CGP -118.6117   35.1386  -12.44  -13.04    0.23   12.08   12.25    0.25
P598_CGP -116.7103   34.1925  -10.75  -10.54    0.15   13.43   13.36    0.15
PLPX_CGP -115.1513   31.5886  -26.78  -25.97    0.17   28.38   27.02    0.17
SDHL_CGP -116.2789   34.2550   -4.50   -4.51    0.16    7.31    6.81    0.16
FZHS_CGP -118.8934   34.8002  -20.13  -20.63    0.14   18.17   17.83    0.14
GR8R_CGP -120.4157   36.3990   -8.77   -7.50    0.22   10.70    9.74    0.23
HOGS_CGP -120.4795   35.8667  -22.28  -22.13    0.11   27.92   27.75    0.11
HUNT_CGP -120.4024   35.8808  -15.77  -17.46    0.14   19.49   22.39    0.14
OPCL_CGP -116.3055   34.4277   -4.47   -4.68    0.16    6.52    5.35    0.16
P295_CGP -120.8424   35.6971  -26.65  -26.07    0.13   33.02   32.88    0.13
P529_CGP -120.3538   35.4405  -25.45  -25.24    0.13   29.78   29.57    0.12
P533_CGP -120.3710   35.7479  -22.19  -21.60    0.10   27.48   27.04    0.10
P561_CGP -118.3991   34.6185  -19.12  -17.54    0.18   19.22   19.54    0.18
SFDM_CGP -118.7545   34.4598  -24.89  -24.77    0.16   22.83   23.84    0.16
EDPP_CGP -118.8304   34.9462  -16.30  -16.10    0.14   14.95   15.73    0.14
MSCG_CGP -116.6480   34.0385  -11.58  -11.64    0.18   14.12   14.20    0.18
OZST_CGP -119.3534   34.6834  -26.90  -26.58    0.17   23.00   23.64    0.17
P557_CGP -118.6556   34.9444  -13.98  -14.85    0.15   14.10   14.70    0.15
P536_CGP -120.0250   35.2798  -24.15  -23.63    0.17   26.39   25.67    0.16
P549_CGP -119.3263   34.5996  -27.72  -27.35    0.16   23.29   23.65    0.16
CAND_CGP -120.4337   35.9394  -13.36  -14.28    0.14   18.20   19.14    0.14
P251_CGP -121.3479   36.8114  -12.29  -18.68    0.20   12.96   20.82    0.20
P537_CGP -119.9353   35.3168  -21.93  -21.49    0.18   23.86   22.94    0.17
P542_CGP -120.2926   35.6889  -21.50  -21.01    0.14   25.86   25.07    0.14
P782_CGP -120.2162   35.6938  -17.59  -18.35    0.13   21.34   21.70    0.13
P532_CGP -120.2670   35.6338  -21.91  -22.35    0.12   25.36   25.65    0.12
P571_CGP -118.7667   36.2314   -9.33  -10.44    0.23    9.03    9.52    0.23
P572_CGP -118.9546   36.5855   -9.28   -9.55    0.32    8.88    8.24    0.32
P584_CGP -116.9516   33.8926  -16.64  -16.96    0.17   19.01   19.78    0.17
LJRN_CGP -118.8677   34.8075  -19.43  -20.05    0.15   17.66   17.68    0.15
MEE2_CGP -120.7668   36.1805  -27.75  -15.57    0.18   31.50   18.02    0.19
OPRD_CGP -116.2923   34.5330   -5.14   -4.66    0.17    4.81    4.05    0.17
P278_CGP -121.0608   35.7113  -27.77  -27.91    0.20   33.98   33.90    0.20
P285_CGP -120.9815   36.4172  -11.23  -17.91    0.20   12.66   21.19    0.21
P290_CGP -120.7283   36.1789   -9.15  -18.73    0.18   10.59   21.79    0.20
P292_CGP -120.4753   36.0075  -10.25  -13.87    0.09   16.01   18.54    0.09
P294_CGP -120.4399   36.1232   -9.03   -8.95    0.11   12.70   13.22    0.11
P550_CGP -119.1146   34.6601  -25.18  -25.32    0.15   21.13   21.85    0.15
P552_CGP -120.2450   35.6867  -20.49  -19.44    0.16   24.55   23.04    0.15
P585_CGP -116.5457   34.0193  -10.97  -10.58    0.16   13.39   13.51    0.16
P744_CGP -115.5084   32.8294  -12.24  -12.68    0.15   22.08   17.57    0.15
POMM_CGP -120.4784   35.9199  -20.87  -18.97    0.11   26.11   24.00    0.11
P282_CGP -120.3452   35.8378  -15.87  -14.95    0.11   19.38   20.62    0.11
P293_CGP -120.5430   36.0894   -9.75   -9.45    0.09   13.23   13.83    0.09
P539_CGP -120.1820   35.7027  -16.48  -16.93    0.16   19.23   20.16    0.15
P541_CGP -120.0007   35.6867  -13.17  -13.46    0.15   15.08   15.57    0.15
P543_CGP -119.7132   35.3190  -16.21  -17.56    0.17   17.70   17.27    0.16
TBLP_CGP -120.3603   35.9174  -13.46  -12.85    0.11   16.78   18.40    0.11
COKG_CGP -115.7285   32.8505  -20.45  -19.91    0.15   20.05   23.24    0.15
MNMC_CGP -120.4341   35.9695  -12.06  -10.90    0.13   16.90   17.39    0.13
MSOB_CGP -117.2101   34.2308  -15.29  -14.99    0.16   14.38   15.37    0.16
P296_CGP -120.3636   36.0517   -9.13   -9.52    0.09   13.78   13.54    0.09
P298_CGP -120.2941   36.0158   -9.53   -9.32    0.08   13.66   13.68    0.08
P522_CGP -119.5361   35.0866  -19.24  -18.73    0.19   18.55   18.83    0.19
P553_CGP -118.8790   34.8351  -18.62  -19.48    0.14   17.16   17.28    0.14
P789_CGP -120.4717   35.9466  -12.17  -16.43    0.13   16.91   20.98    0.13
PLTX_CGP -115.4309   31.8163  -28.36  -25.17    0.21   28.46   27.40    0.21
MEE1_CGP -120.7586   36.1869  -10.05  -17.97    0.23   11.29   20.80    0.24
P578_CGP -120.2390   35.6943  -18.79  -19.18    0.15   22.55   22.88    0.15
P283_CGP -120.2853   35.8067  -15.37  -16.17    0.10   18.66   20.23    0.10
P546_CGP -120.1549   35.9279  -10.14  -10.33    0.11   13.92   14.85    0.11
P599_CGP -116.5375   34.2172   -8.23   -8.25    0.16   12.28   11.82    0.16
P602_CGP -120.2279   35.7292  -15.68  -17.43    0.15   19.44   20.83    0.14
LDES_CGP -116.4328   34.2673   -5.51   -6.54    0.17   10.15    9.77    0.17
P538_CGP -120.1125   35.5342  -21.21  -20.77    0.15   23.01   23.04    0.14
P496_CGP -115.5960   32.7506  -23.36  -18.97    0.15   27.61   23.78    0.15
ESRW_CGP -117.0669   33.6818  -22.79  -22.38    0.13   23.64   23.15    0.13
P567_CGP -118.7536   35.4209  -11.49  -12.27    0.17   10.13   10.98    0.17
ALTH_CGP -120.6698   36.8896   -7.40  -10.21    0.28    9.87    8.47    0.28
ARM1_CGP -118.9104   35.2013  -14.35  -13.28    0.22    9.67   10.06    0.22
ARM2_CGP -118.9106   35.2013  -14.75  -14.35    0.56    9.67    9.67    0.56
BFLD_CGP -119.0453   35.4131  -12.92  -11.75    0.17   12.11   10.56    0.17
BKR1_CGP -119.1095   35.1324  -13.79  -14.68    0.19   12.53   12.71    0.19
BKR2_CGP -119.1093   35.1326  -14.69  -13.94    0.19   12.63   12.65    0.19
BLSA_CGP -118.0287   33.7995  -26.96  -26.79    0.14   26.32   27.73    0.13
BOMG_CGP -115.7297   33.3646   -6.34   -8.06    0.15    6.05    5.71    0.14
BUEG_CGP -120.1964   34.6128  -37.90  -29.61    0.21   42.64   31.74    0.21
CASE_CGP -117.4040   33.4554  -25.27  -26.09    0.15   26.04   26.63    0.15
CHTP_CGP -118.6416   34.2567  -33.22  -26.97    0.14   29.69   26.97    0.14
CJMG_CGP -117.4245   34.2712  -12.30  -17.00    0.16   16.64   16.69    0.17
CJVG_CGP -118.1442   34.5303  -18.72  -19.40    0.18   20.05   18.99    0.18
COAG_CGP -115.1233   32.8635   -2.60   -2.13    0.14   -0.63    1.58    0.14
CORX_CGP -117.2482   32.4154  -28.78  -28.31    0.26   30.29   29.61    0.26
COTD_CGP -116.3869   33.7325  -14.72  -12.61    0.13   17.04   14.81    0.13
CRCN_CGP -119.5680   36.1140  -10.84   -9.74    0.17    9.66   12.42    0.17
CRGG_CGP -119.7248   35.2421  -22.43  -18.67    0.16   18.60   19.68    0.16
CUHS_CGP -119.6739   34.9426  -21.48  -25.12    0.20   25.09   24.75    0.20
DAM1_CGP -118.3974   34.3340  -25.68  -24.78    0.14   21.52   22.65    0.14
DLNO_CGP -119.2431   35.7500  -13.08  -12.70    0.54   11.67   10.39    0.54
DONO_CGP -119.0180   36.6925   -9.47   -9.47    0.31    7.70    8.72    0.31
DSHS_CGP -118.3485   34.0239  -26.04  -26.01    0.13   26.11   26.39    0.13
DVNE_CGP -116.9937   33.6935  -22.58  -23.28    0.46   22.02   23.12    0.37
DVNW_CGP -117.0661   33.6734  -24.89  -23.31    0.27   24.84   23.53    0.27
DVSE_CGP -116.9904   33.6808  -26.89  -21.97    0.35   21.92   24.07    0.22
DVSW_CGP -117.0660   33.6679  -25.00  -23.21    0.52   23.34   23.81    0.49
DYH2_CGP -118.1275   33.9383  -27.44  -29.03    0.14   24.65   25.75    0.14
DYHS_CGP -118.1260   33.9380  -30.54  -27.20    0.14   24.85   26.18    0.14
ELSG_CGP -117.4260   33.6491  -28.73  -24.61    0.17   26.54   26.38    0.17
ELTN_CGP -118.4257   34.7031  -14.91  -16.24    0.17   15.93   18.21    0.17
ELTS_CGP -118.4538   34.5993  -17.13  -20.01    0.17   20.84   19.32    0.16
ESRE_CGP -116.9910   33.6728  -21.09  -23.08    0.54   26.72   23.60    0.32
FHFF_CGP -118.6097   34.5147  -24.46  -23.11    0.13   18.98   20.67    0.13
FOXG_CGP -118.2405   34.7339  -16.08  -14.38    0.17   16.48   16.42    0.17
FSHB_CGP -115.7999   32.9450  -20.14  -20.39    0.17   19.47   21.80    0.17
GMAG_CGP -116.3826   34.2914   -5.60   -5.58    0.16    7.54    9.20    0.16
GR8V_CGP -120.4158   36.3990   -7.17   -8.60    0.22    9.10   10.76    0.23
HAR7_CGP -117.2992   35.0115   -6.94   -8.25    0.20    9.61   10.51    0.20
HMTG_CGP -117.0015   33.7081  -25.28  -21.14    0.12   22.32   22.40    0.12
IBEX_CGP -116.3678   35.8484   -3.47   -3.37    0.26    0.63    1.09    0.26
JNHG_CGP -117.9554   34.4491  -18.51  -18.98    0.14   18.90   18.28    0.14
LBC1_CGP -118.1372   33.8321  -26.36  -26.45    0.12   26.75   27.25    0.11
LEBC_CGP -118.8719   34.8252  -18.53  -19.61    0.15   17.56   17.41    0.15
LEMA_CGP -119.7824   36.2920   -7.23   -9.92    0.12   14.92    9.72    0.12
LKHG_CGP -116.7588   33.2360  -22.26  -25.40    0.13   24.55   25.08    0.13
LMHG_CGP -117.3913   33.7442  -26.81  -23.81    0.16   24.73   25.63    0.16
LMSG_CGP -117.4451   33.8174  -27.10  -23.62    0.16   24.75   24.61    0.16
LPCG_CGP -117.5464   34.3149  -16.20  -17.80    0.16   16.78   17.32    0.15
LVWD_CGP -115.1913   36.1595   -1.90   -2.47    0.29   -0.51    0.01    0.29
MTA1_CGP -118.2455   34.0552  -27.12  -26.00    0.12   22.98   24.02    0.13
MTGG_CGP -116.6472   33.1992  -29.66  -24.60    0.15   25.12   24.56    0.15
MULN_CGP -120.0916   36.5651   -9.51   -8.80    0.15    8.71   10.39    0.15
MUSD_CGP -119.0960   34.2616  -33.26  -28.49    0.15   27.32   28.49    0.15
OAT2_CGP -118.6014   34.3299  -26.20  -25.62    0.13   23.58   25.41    0.13
ORES_CGP -120.2786   34.7391  -28.58  -30.01    0.19   33.26   31.69    0.19
P056_CGP -119.0629   36.0274  -12.80  -10.75    0.24   10.11    9.89    0.24
P242_CGP -121.4632   36.9539  -19.18  -17.24    0.26   21.39   17.61    0.26
P299_CGP -120.7102   36.2568   -9.53  -10.79    0.13   10.98   13.14    0.13
P304_CGP -120.3566   36.7390  -10.70   -9.53    0.19    7.88    9.38    0.20
P307_CGP -120.0579   36.9473  -13.03  -10.22    0.37    9.80    8.02    0.37
P495_CGP -115.6284   33.0450  -10.50  -10.67    0.15   15.92   11.05    0.15
P499_CGP -115.4879   32.9796   -6.70   -6.06    0.14    6.68    7.47    0.14
P545_CGP -119.5358   35.4998  -11.86  -12.08    0.14   11.65   12.44    0.14
P563_CGP -119.4212   35.4187  -11.26  -12.79    0.21   11.12   11.62    0.20
P564_CGP -119.3494   35.6229   -9.81  -12.20    0.15   13.00   11.24    0.15
P565_CGP -119.2367   35.7439  -12.48  -12.20    0.20    9.76   11.26    0.20
P566_CGP -119.2293   36.3245  -11.36  -10.65    0.25    8.36   10.04    0.25
P729_CGP -119.0961   34.2631  -29.36  -30.14    0.15   27.72   28.16    0.15
P800_CGP -118.3491   34.0217  -25.54  -26.19    0.13   27.21   25.92    0.13
P809_CGP -119.2368   35.7439  -13.28  -12.96    0.59   10.66   10.53    0.59
P810_CGP -119.2367   35.7440  -13.28  -12.09    0.20   10.76   11.12    0.20
PMHS_CGP -118.1537   33.9026  -26.95  -26.42    0.12   26.05   26.50    0.12
POBG_CGP -116.9237   33.6871  -25.78  -20.75    0.11   23.00   22.27    0.12
PVEP_CGP -118.4042   33.7433  -28.30  -27.90    0.50   30.93   28.83    0.50
RAGG_CGP -116.1515   34.6831   -4.40   -4.56    0.19   -0.23    1.42    0.19
RAPT_CGP -119.4487   36.6649   -9.32   -9.61    0.22    8.12    9.33    0.22
RBRU_CGP -119.8287   36.7591   -9.04  -10.76    0.23    8.93    9.12    0.24
RHCG_CGP -118.0134   34.0009  -26.01  -26.00    0.15   24.51   24.54    0.15
RKMG_CGP -117.6094   33.6741  -24.14  -25.51    0.15   19.40   26.52    0.15
RUNG_CGP -114.9780   32.9723   -0.16   -2.47    0.16   -0.88    0.86    0.16
SACY_CGP -117.8956   33.7432  -26.36  -26.56    0.12   26.08   27.72    0.12
SCMS_CGP -117.6346   33.4441  -26.29  -27.34    0.26   26.50   27.30    0.26
SHN5_CGP -120.3471   35.6742  -22.21  -22.95    0.17   26.78   28.01    0.17
SHP5_CGP -120.6713   35.2686  -27.62  -28.12    0.23   32.77   33.55    0.23
SIMM_CGP -119.9978   35.3511  -22.03  -22.07    0.18   23.28   24.17    0.17
SPMX_CGP -115.4659   31.0450  -31.63  -30.26    0.30   28.87   29.21    0.30
SYNG_CGP -120.0696   34.6072  -28.39  -30.23    0.22   28.70   31.46    0.22
TAFT_CGP -119.4852   35.1565  -16.12  -17.77    0.18   16.13   16.40    0.17
TEHA_CGP -118.4698   35.1431  -10.42  -11.48    0.21   11.94   12.38    0.22
TMAP_CGP -116.1605   33.6412  -13.22  -12.02    0.20   13.57   11.54    0.20
VINE_CGP -117.3634   36.9953   -4.14   -4.16    0.26    1.62    1.89    0.26
VINZ_CGP -118.9390   34.9624  -17.00  -16.91    0.15   16.68   15.74    0.15
WASG_CGP -118.5570   35.7384  -10.81  -10.55    0.30    9.97    9.14    0.30
WMDG_CGP -115.5819   33.0383  -13.00   -8.17    0.16    5.00   11.28    0.16
YUHG_CGP -115.9222   32.6476  -32.01  -24.67    0.14   26.70   26.21    0.14
GUAD_CMM -118.2893   28.8851  -36.34    0.00    0.00   33.99    0.00    0.00
SFBC_CMM -114.8071   30.9306  -30.19  -16.68    0.36   26.89   15.50    0.36
MELR_CMM -115.7386   30.9797  -30.74  -31.79    0.22   30.36   29.61    0.22
COLO_CMM -116.2120   31.1007  -31.31  -31.18    0.31   31.00   30.42    0.31
SAIS_CMM -116.2231   31.1915  -31.27  -31.02    0.33   30.78   30.94    0.33
LLCO_CMM -116.1607   31.2566  -30.88  -31.08    0.20   30.75   30.63    0.20
PENA_CMM -113.5195   31.3538   -1.41    0.00    0.00    1.13    0.00    0.00
CADG_CMM -116.3220   31.3611  -30.32  -30.47    0.27   31.07   30.92    0.27
LOSA_CMM -116.3044   31.4625  -30.27  -30.16    0.27   30.67   30.99    0.27
ELCH_CMM -115.0543   31.4924  -25.88  -27.05    0.31   26.80   27.89    0.31
ELJA_CMM -115.7598   31.4930  -28.50  -29.84    0.25   29.52   29.29    0.25
INDB_CMM -115.9376   31.5515  -28.74  -30.19    0.24   29.72   29.44    0.24
SM01_CMM -115.8348   31.6236  -28.13  -28.96    0.24   29.65   29.22    0.24
SM03_CMM -115.8271   31.6246  -27.54  -28.93    0.24   29.50   29.20    0.24
SM04_CMM -115.8248   31.6303  -27.54  -28.17    0.65   29.61   29.26    0.65
SM05_CMM -115.8225   31.6340  -28.70  -28.85    0.24   28.74   29.18    0.24
SM08_CMM -115.8304   31.6367  -28.72  -28.28    0.32   29.15   29.11    0.32
SM06_CMM -115.8238   31.6384  -28.71  -28.82    0.24   29.31   29.18    0.24
SM07_CMM -115.8316   31.6460  -28.43  -28.79    0.24   28.64   29.18    0.24
FILO_CMM -116.4431   31.7210  -29.35  -29.73    0.30   32.06   30.27    0.30
SALD_CMM -115.3868   31.7718  -25.22  -28.18    0.29   27.38   28.46    0.29
AMAR_CMM -116.2099   31.8453  -28.60  -28.06    0.21   29.63   30.31    0.22
CJGG_CMM -116.6412   31.8680  -30.15  -29.17    0.32   31.62   29.55    0.32
RAYO_CMM -115.9577   31.9730  -26.35  -27.66    0.21   29.06   28.41    0.21
MAYR_CMM -115.2428   31.9884  -24.37  -20.22    0.20   26.14   21.91    0.20
RLOV_CMM -116.6317   32.1178  -28.17  -29.55    0.28   29.64   28.93    0.29
CP13_CMM -114.9337   32.1431   -7.34   -9.59    0.23    8.28    8.22    0.23
VM15_CMM -115.2455   32.2446  -18.86  -17.48    0.16   25.70   20.55    0.16
CPEI_CMM -114.9144   32.2514   -7.36   -7.70    0.22    6.41    8.19    0.21
MORR_CMM -116.9910   32.2745  -28.43  -28.77    0.45   29.44   29.95    0.45
LPUR_CMM -115.3429   32.3557  -18.58  -17.89    0.17   26.07   23.11    0.17
MONT_CMM -115.0749   32.5586   -6.26   -7.68    0.17    0.96    7.34    0.17
FI18_CMM -115.2730   32.5883  -11.15   -9.53    0.16   10.22   10.57    0.16
ASA1_CMM -115.2458   32.6292   -7.23   -8.58    0.18    7.04    8.24    0.17
O225_CMM -115.7255   32.6481  -20.85  -22.90    0.16   27.65   25.42    0.16
BORD_CMM -115.5064   32.6645  -20.27  -17.42    0.15   26.49   20.06    0.15
1103_CMM -115.8832   32.6747  -24.45  -24.35    0.18   26.33   26.39    0.18
STG1_CMM -117.2491   32.6973  -27.82  -28.49    0.39   28.62   28.35    0.39
JUNC_CMM -115.0619   32.7092   -2.86   -3.55    0.25    1.66    2.25    0.24
MACK_CMM -115.1442   32.7288   -4.19   -4.38    0.18    2.38    3.57    0.18
T124_CMM -115.5002   32.7380  -19.50  -16.10    0.16   19.95   21.54    0.16
I021_CMM -115.8986   32.7795  -23.06  -23.55    0.17   25.12   25.08    0.17
HOLT_CMM -115.3963   32.7814   -3.27   -6.44    0.16    8.92    9.45    0.16
I019_CMM -115.7294   32.7890  -21.46  -21.68    0.15   25.34   24.16    0.15
OCOT_CMM -115.7962   32.7901  -22.20  -22.18    0.15   25.54   24.17    0.15
1362_CMM -115.5184   32.7965  -14.06  -15.31    0.16   20.39   19.45    0.16
E122_CMM -115.5945   32.7998  -18.07  -18.91    0.16   22.17   24.08    0.15
I018_CMM -115.6464   32.8000  -18.80  -20.41    0.14   24.84   23.70    0.14
I014_CMM -115.4064   32.8063   -3.81   -4.63    0.14    6.89    8.76    0.14
I013_CMM -115.3630   32.8114   -1.83   -3.83    0.15    4.43    7.36    0.15
R122_CMM -114.8071   32.8570   -3.37   -2.16    0.19    2.04    1.18    0.19
TAMA_CMM -115.4783   32.8829   -7.26   -8.33    0.14    7.96   12.37    0.13
ORIE_CMM -115.4064   32.9168   -2.42   -4.09    0.14    3.51    5.66    0.14
YUMA_CMM -114.2031   32.9391   -1.25   -2.62    0.25    1.64    0.74    0.25
1225_CMM -115.5412   32.9417   -7.70  -10.58    0.14   12.48   14.11    0.14
L589_CMM -115.7611   32.9506  -20.36  -18.60    0.16   23.32   20.32    0.16
I046_CMM -115.2980   32.9673   -1.52   -2.65    0.16    1.58    2.59    0.15
ACUT_CMM -115.6093   33.0300   -8.13  -11.03    0.17   11.47   13.16    0.17
HAMA_CMM -115.5008   33.0375   -1.64   -5.96    0.13    2.60    5.51    0.13
1109_CMM -116.2470   33.1598  -22.69  -22.68    0.16   23.58   21.60    0.15
CALI_CMM -115.5088   33.1690   -4.51   -5.10    0.14    0.44    3.21    0.14
1110_CMM -115.8879   33.1768  -14.30  -15.53    0.13   15.78   14.54    0.13
COAC_CMM -115.4070   33.1962   -2.60   -3.96    0.21    2.01    2.05    0.21
1111_CMM -115.5188   33.2309   -4.18   -5.12    0.21    0.86    1.32    0.20
BLFA_CMM -116.2333   33.2583  -21.00  -20.69    0.15   21.82   19.72    0.15
PEGL_CMM -116.2986   33.2957  -21.66  -21.28    0.16   19.73   20.49    0.16
FRIN_CMM -115.6470   33.3603   -5.57   -6.74    0.16    2.22    4.14    0.15
SVAL_CMM -115.7882   33.3899  -10.66   -9.21    0.15    8.18    7.36    0.15
07NE_CMM -115.7521   33.4124   -9.29   -8.30    0.23    5.65    5.70    0.22
SIPH_CMM -115.6775   33.4270   -5.80   -6.43    0.15    2.96    3.56    0.14
S_31_CMM -115.7696   33.4271   -8.05   -8.96    0.20    6.08    6.00    0.20
05NE_CMM -115.7347   33.4271   -8.27   -7.46    0.20    4.21    4.78    0.20
TRAN_CMM -115.8335   33.4294  -10.33  -10.14    0.15    8.44    7.75    0.15
SALT_CMM -115.8156   33.4310   -9.32   -9.75    0.15    7.04    7.35    0.15
25SE_CMM -115.7832   33.4405   -9.50   -8.95    0.18    6.32    6.18    0.18
ROBO_CMM -116.0608   33.4408  -12.13  -13.85    0.13   16.46   12.74    0.13
RDEC_CMM -116.9316   33.4678  -23.07  -24.31    0.12   25.82   25.35    0.12
A586_CMM -116.8361   33.4841  -24.08  -23.74    0.16   26.40   25.06    0.17
B586_CMM -116.8213   33.4938  -24.30  -23.69    0.28   25.59   25.55    0.29
VARN_CMM -115.9139   33.5033  -12.06   -9.51    0.14    7.59   10.24    0.14
TBLM_CMM -116.5893   33.5270  -19.24  -19.78    0.18   22.69   20.37    0.19
CRAV_CMM -116.7010   33.5427  -20.70  -20.66    0.18   23.98   24.08    0.18
CARY_CMM -116.7355   33.5454  -21.05  -21.21    0.12   24.59   23.10    0.13
HOWY_CMM -116.7176   33.5497  -20.84  -20.76    0.18   24.42   24.15    0.19
G114_CMM -116.6129   33.5502  -18.27  -19.52    0.19   22.59   20.80    0.19
LOKT_CMM -116.5741   33.5533  -18.95  -18.72    0.19   18.47   19.89    0.20
M586_CMM -116.6890   33.5550  -20.09  -20.36    0.17   23.89   23.54    0.17
ANZA_CMM -116.6618   33.5560  -19.98  -19.88    0.16   23.66   22.29    0.16
G109_CMM -116.6339   33.5567  -19.20  -19.48    0.19   20.35   21.79    0.20
ANZC_CMM -116.6306   33.5578  -19.20  -19.43    0.18   20.35   21.71    0.19
PMCN_CMM -116.5170   33.5710  -16.64  -17.42    0.17   20.94   18.13    0.17
PAIN_CMM -116.0085   33.6120   -8.63  -10.12    0.16    7.47    9.17    0.16
TOME_CMM -116.6800   33.6190  -19.53  -18.85    0.16   19.49   20.96    0.17
LAKE_CMM -117.3546   33.6200  -23.98  -24.98    0.13   27.39   25.62    0.13
CAHU_CMM -116.2737   33.6386  -13.74  -13.96    0.16   14.56   14.50    0.16
N125_CMM -115.8618   33.6400   -3.90   -7.85    0.12    4.51    5.34    0.12
BLAC_CMM -115.7198   33.6637   -5.12   -5.43    0.15    2.20    3.24    0.15
1113_CMM -115.9639   33.6772   -8.30   -8.22    0.14    6.06    6.95    0.14
1114_CMM -115.2431   33.6807   -2.36   -3.70    0.19    0.39    1.42    0.19
RSRT_CMM -116.3915   33.6878  -12.51  -14.95    0.13   15.06   16.66    0.13
SAN1_CMM -117.5351   33.7088  -25.26  -25.40    0.16   26.71   25.85    0.16
PTHP_CMM -116.2994   33.7143  -12.78  -12.96    0.16   13.96   14.16    0.16
WD91_CMM -116.7120   33.7143  -17.23  -17.78    0.17   19.38   19.38    0.17
TID8_CMM -118.2728   33.7198  -27.24  -27.44    0.20   29.18   28.76    0.20
1201_CMM -118.0883   33.7375  -25.50  -27.19    0.11   29.16   27.81    0.10
COCH_CMM -116.1583   33.7403   -9.62  -10.61    0.17    8.46   10.56    0.17
DUNP_CMM -116.2806   33.7504  -11.98  -12.08    0.16   13.33   12.92    0.16
FLOO_CMM -118.0431   33.7738  -27.04  -26.45    0.13   28.17   27.57    0.13
LASE_CMM -117.9423   33.7928  -27.20  -26.50    0.11   28.09   26.42    0.11
INDO_CMM -116.7771   33.7945  -20.04  -16.49    0.15   21.62   18.77    0.15
MTZB_CMM -117.2317   33.7964  -24.05  -22.35    0.12   22.66   23.73    0.12
BERD_CMM -116.1750   33.8102   -9.50   -9.28    0.17    9.20    8.95    0.17
LAST_CMM -117.3092   33.8374  -22.45  -23.25    0.14   24.93   23.47    0.14
OAKD_CMM -117.5980   33.8473  -24.14  -24.15    0.19   25.49   25.57    0.18
SIER_CMM -117.6531   33.8492  -24.26  -24.59    0.15   26.40   25.38    0.15
EDOM_CMM -116.4311   33.8704  -11.28  -11.84    0.15   14.29   14.25    0.15
0819_CMM -117.5474   33.8842  -23.98  -23.56    0.15   25.35   24.64    0.15
SJU5_CMM -117.7382   33.9137  -24.51  -24.50    0.14   25.34   24.99    0.14
SJUA_CMM -117.7381   33.9138  -24.51  -24.51    0.19   25.34   25.29    0.19
CABA_CMM -116.7755   33.9159  -14.43  -14.73    0.16   17.43   17.21    0.16
LANW_CMM -118.0552   33.9167  -25.72  -26.90    0.11   25.00   26.61    0.11
HOLY_CMM -118.1753   33.9303  -27.39  -26.55    0.11   27.03   26.21    0.11
WIDE_CMM -116.4063   33.9314  -10.27  -10.65    0.18   12.24   12.92    0.18
NR58_CMM -117.5610   33.9344  -23.82  -23.43    0.15   24.83   24.32    0.15
NORC_CMM -117.5605   33.9347  -23.82  -23.39    0.15   24.83   24.27    0.15
SNRI_CMM -120.1057   33.9509  -30.11  -30.27    0.21   35.40   34.64    0.21
07CI_CMM -118.1798   33.9513  -25.94  -26.79    0.11   26.77   25.84    0.11
FATL_CMM -117.1607   33.9637  -20.47  -18.55    0.13   21.50   20.32    0.13
WORK_CMM -118.0029   33.9917  -26.70  -25.73    0.13   24.84   24.52    0.12
CENT_CMM -119.7529   33.9948  -28.40  -30.19    0.30   33.70   33.29    0.29
PTDU_CMM -118.8067   34.0016  -26.86  -28.40    0.18   29.97   29.58    0.18
CHER_CMM -116.9518   34.0028  -18.53  -14.58    0.16   18.20   16.92    0.16
DBAR_CMM -117.7955   34.0032  -24.76  -24.20    0.12   23.29   23.10    0.12
CLSA_CMM -117.3804   34.0036  -21.54  -21.20    0.16   22.92   22.77    0.15
BRI2_CMM -117.1392   34.0138  -16.26  -18.26    0.18   19.78   19.35    0.18
SANO_CMM -117.5131   34.0182  -22.84  -22.29    0.14   23.81   23.08    0.14
0818_CMM -117.1041   34.0222  -16.09  -16.92    0.18   17.63   18.57    0.18
JUR3_CMM -117.4428   34.0324  -20.46  -21.86    0.16   23.37   22.89    0.16
6022_CMM -118.7019   34.0332  -27.98  -27.17    0.25   28.27   29.12    0.23
6106_CMM -117.3962   34.0383  -21.07  -20.88    0.17   23.05   22.46    0.17
SNT0_CMM -117.8835   34.0425  -25.32  -25.00    0.14   23.19   23.02    0.14
ENDD_CMM -114.4814   34.0441    0.35   -2.06    0.42    0.04    0.95    0.41
SCRE_CMM -119.5647   34.0547  -30.58  -29.16    0.18   33.20   31.90    0.18
TUNA_CMM -118.5955   34.0630  -26.84  -27.38    0.17   28.87   27.53    0.16
BRYN_CMM -117.2656   34.0632  -18.28  -19.10    0.15   21.23   19.89    0.16
07DI_CMM -118.1711   34.0632  -25.57  -25.80    0.11   23.28   23.36    0.11
SCRW_CMM -119.9180   34.0732  -29.59  -30.07    0.19   34.38   33.18    0.19
CATO_CMM -118.7858   34.0858  -27.92  -27.48    0.18   29.76   29.14    0.17
WEYM_CMM -117.7775   34.1109  -24.95  -23.92    0.13   23.17   21.86    0.13
U471_CMM -117.3034   34.1121  -19.45  -18.48    0.16   20.03   19.45    0.17
PSWB_CMM -118.0533   34.1139  -25.76  -24.99    0.14   23.64   22.08    0.14
COTR_CMM -119.1540   34.1202  -26.81  -28.91    0.16   32.49   29.88    0.15
QRRY_CMM -117.6355   34.1324  -23.30  -22.90    0.13   22.37   21.49    0.13
HIGH_CMM -117.1693   34.1339  -16.08  -16.15    0.15   14.87   16.76    0.15
GODW_CMM -115.9316   34.1364   -2.76   -3.65    0.17    3.03    2.95    0.16
VERN_CMM -117.7257   34.1370  -24.14  -23.51    0.14   21.35   21.73    0.14
PAXU_CMM -116.3898   34.1531   -5.44   -6.36    0.19    9.12   10.43    0.19
DMAS_CMM -117.8053   34.1558  -23.85  -23.83    0.14   22.02   21.41    0.14
MESQ_CMM -116.1134   34.1933   -0.19   -4.02    0.19    2.53    4.31    0.18
MCDS_CMM -118.5426   34.2021  -27.51  -26.16    0.15   27.78   26.59    0.15
07EH_CMM -118.2158   34.2107  -24.86  -24.96    0.17   24.21   23.09    0.17
SANS_CMM -117.5042   34.2115  -18.96  -19.95    0.16   20.98   19.06    0.16
VDGO_CMM -118.2801   34.2151  -24.70  -25.37    0.12   24.44   23.62    0.12
SUNP_CMM -117.6894   34.2163  -23.39  -22.25    0.13   21.33   20.47    0.13
CAMP_CMM -117.7663   34.2217  -23.46  -22.77    0.12   20.90   20.73    0.12
Z786_CMM -118.3734   34.2223  -25.80  -25.51    0.12   25.30   24.06    0.12
NORT_CMM -118.5552   34.2328  -24.50  -26.44    0.15   27.78   26.33    0.15
CHT3_CMM -118.6409   34.2569  -27.75  -26.99    0.14   27.65   26.99    0.14
CHTW_CMM -118.6406   34.2571  -27.75  -26.30    0.14   27.65   26.38    0.14
F113_CMM -118.9234   34.2776  -28.21  -27.66    0.15   29.12   28.50    0.15
CHRN_CMM -118.6702   34.2788  -25.18  -26.58    0.13   26.81   26.34    0.13
SOLI_CMM -119.3427   34.2983  -29.13  -29.13    0.14   28.24   27.65    0.14
W304_CMM -119.1233   34.3058  -27.09  -28.42    0.15   28.01   27.77    0.15
SCLA_CMM -119.0392   34.3257  -28.98  -27.67    0.17   29.46   27.41    0.17
HAP2_CMM -118.8771   34.3280  -27.41  -27.39    0.16   27.63   27.92    0.16
LAZY_CMM -116.5139   34.3439   -7.74   -7.20    0.17   12.54    9.31    0.16
SCP4_CMM -116.1864   34.3484   -2.71   -3.32    0.19    3.77    4.90    0.19
MAYO_CMM -118.4296   34.3522  -25.43  -24.65    0.15   22.19   22.46    0.16
HAPY_CMM -118.8502   34.3580  -28.34  -26.70    0.15   28.80   26.70    0.15
07FI_CMM -118.1362   34.3794  -24.35  -22.36    0.14   21.20   20.42    0.14
MAGI_CMM -118.3183   34.3862  -24.72  -23.26    0.13   21.40   21.32    0.13
SNPA_CMM -118.9988   34.3879  -27.23  -26.97    0.20   26.35   24.85    0.20
OLDW_CMM -116.7519   34.3887   -9.64  -10.37    0.16   12.44   11.95    0.16
OLDD_CMM -116.6979   34.3905  -10.12   -9.30    0.16   11.62   12.07    0.16
U145_CMM -118.6929   34.4059  -25.47  -25.36    0.12   25.82   23.45    0.12
0704_CMM -118.5401   34.4071  -24.73  -24.12    0.16   23.68   21.91    0.16
SCP2_CMM -115.9685   34.4192   -1.09   -2.55    0.21    1.62    2.02    0.20
0501_CMM -119.6061   34.4205  -28.55  -29.59    0.16   26.22   27.94    0.16
RCKS_CMM -118.8986   34.4326  -27.28  -25.78    0.18   24.86   24.38    0.18
SNP2_CMM -119.0096   34.4404  -27.90  -26.46    0.15   25.01   24.10    0.15
PT65_CMM -117.0679   34.4538  -13.17  -12.07    0.16   13.60   12.28    0.16
LAW4_CMM -116.6652   34.4538   -8.45   -9.94    0.18   11.36   10.78    0.18
0812_CMM -114.6507   34.4765    1.13   -2.25    0.39   -0.38    0.50    0.38
HOPP_CMM -118.8655   34.4777  -24.41  -25.66    0.13   23.56   23.28    0.13
0705_CMM -117.7651   34.4927  -17.37  -15.81    0.17   16.34   16.56    0.17
NORD_CMM -119.2421   34.4983  -28.55  -27.58    0.17   24.27   23.65    0.17
LAW3_CMM -116.6690   34.5015  -10.55   -9.18    0.17   10.19   10.38    0.17
GAVI_CMM -120.1988   34.5018  -28.63  -30.27    0.31   32.38   32.29    0.31
LEDG_CMM -116.4392   34.5020   -4.29   -6.78    0.17    1.60    7.70    0.17
JKCA_CMM -119.8233   34.5131  -30.74  -30.01    0.24   31.19   29.33    0.23
DOSP_CMM -119.9358   34.5265  -30.84  -29.72    0.22   31.02   30.14    0.22
LAW2_CMM -116.6237   34.5267  -10.09   -9.35    0.18   10.60    9.38    0.18
0502_CMM -120.3455   34.5310  -30.33  -30.19    0.20   32.38   33.27    0.20
REFU_CMM -120.0521   34.5348  -30.24  -29.88    0.27   31.96   31.14    0.27
LAW1_CMM -116.5882   34.5424   -9.03   -8.81    0.18    9.68    8.53    0.18
ALPN_CMM -118.1092   34.5436  -19.21  -18.01    0.18   18.94   18.59    0.17
AMBO_CMM -115.7425   34.5586   -2.90   -2.90    0.18    0.63    0.99    0.18
7001_CMM -116.4692   34.5600   -6.39   -6.57    0.18    4.65    5.51    0.18
PELN_CMM -118.3561   34.5610  -21.41  -18.90    0.15   20.01   19.88    0.15
0102_CMM -119.2642   34.5655  -29.02  -27.40    0.18   22.96   23.35    0.18
LAEU_CMM -116.5571   34.5744   -8.65   -8.31    0.18    8.23    7.77    0.18
LAE2_CMM -116.5221   34.5889   -7.99   -7.80    0.17    7.82    6.86    0.17
IZAA_CMM -120.0691   34.6050  -30.84  -29.09    0.23   31.07   29.89    0.23
MUNS_CMM -119.3005   34.6358  -26.36  -27.10    0.19   23.37   22.90    0.19
TWST_CMM -119.1002   34.6412  -25.65  -25.30    0.15   22.09   21.16    0.16
7000_CMM -116.7159   34.6763   -9.04   -9.70    0.18    7.49    8.56    0.18
WARN_CMM -118.7903   34.6877  -22.30  -21.61    0.14   19.70   19.00    0.14
SAEC_CMM -118.5615   34.6931  -18.93  -18.54    0.17   18.24   19.05    0.16
FIGP_CMM -119.9651   34.7229  -29.73  -29.67    0.18   29.89   29.75    0.18
MDAY_CMM -117.7059   34.7430  -10.99  -11.47    0.18   14.42   13.83    0.18
FRMT_CMM -118.4074   34.7491  -15.09  -14.52    0.17   17.27   16.00    0.16
AIRR_CMM -118.7433   34.7509  -20.59  -19.50    0.15   17.35   18.26    0.14
0027_CMM -118.1463   34.7541  -13.49  -13.39    0.17   15.30   15.83    0.17
YMR2_CMM -119.4753   34.7541  -27.17  -26.30    0.16   25.45   23.78    0.16
FRZ2_CMM -118.9690   34.7752  -24.21  -21.72    0.15   16.23   19.16    0.15
HECT_CMM -116.4207   34.7850   -6.16   -7.03    0.21    3.58    3.53    0.21
LTEJ_CMM -118.8027   34.8005  -19.17  -19.44    0.15   17.50   17.41    0.15
0809_CMM -115.3270   34.8063   -1.56   -2.89    0.27   -0.16   -0.15    0.27
NEED_CMM -114.6040   34.8066   -2.19   -2.33    0.38    0.37   -0.25    0.37
MPNS_CMM -119.1454   34.8128  -22.23  -21.99    0.17   21.21   19.83    0.17
BUTJ_CMM -118.5534   34.8183  -13.62  -14.87    0.17   16.48   16.24    0.16
SALI_CMM -119.7135   34.8229  -27.90  -26.71    0.17   28.45   26.46    0.17
0618_CMM -118.8681   34.8252  -19.24  -19.57    0.15   18.27   17.38    0.15
PK02_CMM -116.2229   34.8910   -6.06   -5.20    0.18    0.62    1.68    0.18
LOSP_CMM -120.6062   34.8937  -29.97  -30.02    0.28   33.90   33.94    0.28
SOAP_CMM -116.9808   34.9038   -9.11   -8.46    0.17    8.33    9.27    0.17
CUYA_CMM -119.4890   34.9278  -23.25  -22.31    0.21   22.18   21.53    0.21
PATW_CMM -119.4323   34.9597  -20.70  -21.19    0.19   19.88   19.89    0.19
7HLI_CMM -120.2997   34.9599  -29.30  -28.99    0.17   31.44   31.49    0.17
SOLE_CMM -118.1889   34.9825  -10.68  -10.57    0.21   13.82   13.66    0.21
TTAP_CMM -117.8638   34.9845  -10.40   -9.64    0.18   13.37   13.02    0.18
TROP_CMM -118.2060   34.9920  -11.18  -10.54    0.19   13.16   13.75    0.19
J976_CMM -119.1787   35.0025  -15.56  -18.15    0.15   16.52   16.32    0.15
0504_CMM -119.8377   35.0031  -26.41  -26.15    0.17   27.13   26.29    0.17
WHEE_CMM -119.0143   35.0106  -18.40  -16.06    0.15   13.26   16.06    0.15
DBL1_CMM -118.4868   35.0333  -13.51  -11.94    0.16   13.53   13.49    0.16
LGO7_CMM -119.7604   35.0363  -25.76  -23.68    0.17   24.69   24.67    0.17
MADC_CMM -120.0671   35.0756  -27.00  -26.76    0.19   29.27   28.66    0.18
0505_CMM -120.5842   35.0842  -29.50  -28.91    0.25   33.48   33.56    0.24
DEER_CMM -118.5078   35.0858  -11.29  -12.55    0.19   13.13   12.82    0.19
PORT_CMM -118.1572   35.0871   -9.94  -10.22    0.19   13.08   12.79    0.20
JACK_CMM -118.6604   35.0890  -14.12  -13.60    0.16   12.68   12.59    0.17
GS09_CMM -117.8977   35.1155  -10.10   -9.29    0.17   12.53   12.31    0.17
PAJA_CMM -118.2946   35.1207  -10.87  -10.54    0.17   12.77   12.51    0.17
LTO2_CMM -119.9020   35.1334  -24.79  -24.63    0.18   25.94   25.69    0.17
SUMT_CMM -118.4094   35.1336   -9.66  -11.16    0.19   12.13   12.37    0.20
RSPG_CMM -118.6703   35.1381  -13.63  -13.49    0.17   12.00   12.18    0.17
CHP2_CMM -118.4576   35.1471  -12.15  -10.60    0.23   13.30   11.99    0.24
GS36_CMM -117.0425   35.1678   -8.42   -6.64    0.21    9.00    8.02    0.21
WEED_CMM -118.9323   35.2229  -12.73  -14.17    0.17   10.12   10.12    0.17
GS01_CMM -118.0824   35.2251  -10.63   -9.45    0.18   11.66   11.49    0.18
0616_CMM -119.2272   35.2668  -12.38  -14.72    0.16   10.17   13.00    0.16
0617_CMM -118.6253   35.2742  -12.76  -11.92    0.17   11.34   11.16    0.18
7288_CMM -116.8915   35.3312   -5.57   -5.90    0.23    6.20    6.50    0.23
Z558_CMM -119.8435   35.3335  -20.77  -18.90    0.18   19.78   20.55    0.17
JBON_CMM -117.9957   35.3362   -8.66   -9.59    0.17   11.39   10.71    0.17
JOBU_CMM -117.6921   35.3370   -8.04   -7.62    0.19   10.98   11.12    0.18
J7ZZ_CMM -117.2746   35.3411   -6.99   -6.97    0.20    8.40    9.14    0.20
D559_CMM -119.9140   35.3424  -21.55  -20.57    0.17   22.20   22.20    0.16
POZO_CMM -120.2987   35.3460  -25.47  -25.74    0.14   29.43   29.60    0.14
CAUV_CMM -119.8509   35.3581  -18.38  -19.06    0.17   20.27   19.94    0.16
BLHL_CMM -120.8317   35.3587  -28.09  -28.12    0.29   34.52   34.46    0.29
0806_CMM -117.6142   35.3662   -7.68   -7.79    0.18   11.30   10.38    0.18
GS49_CMM -117.1627   35.3748   -6.74   -6.53    0.20    9.91    7.98    0.20
TESS_CMM -120.6976   35.3858  -27.39  -27.47    0.19   32.98   33.28    0.19
SLOE_CMM -120.1456   35.3872  -24.48  -23.52    0.14   27.92   26.07    0.13
SILV_CMM -116.2913   35.3970   -3.15   -3.95    0.27   -0.09    1.24    0.27
FIBR_CMM -119.3940   35.3985  -13.02  -11.67    0.20   11.59   11.24    0.19
VICU_CMM -119.9241   35.4131  -18.78  -18.90    0.17   20.70   20.78    0.17
GOUD_CMM -119.7663   35.4136  -14.53  -15.77    0.16   16.61   17.09    0.16
BOB1_CMM -120.0588   35.4184  -23.02  -21.78    0.15   23.92   24.37    0.15
GS15_CMM -117.9611   35.4258  -10.42   -9.25    0.19   10.01   10.32    0.18
P_42_CMM -116.5518   35.4259   -4.62   -3.76    0.26    1.71    2.24    0.26
GS11_CMM -117.5848   35.4288   -7.84   -7.98    0.21    9.81   10.31    0.20
GS12_CMM -117.3335   35.4337   -7.53   -7.06    0.21    8.35    8.80    0.20
LASY_CMM -119.9568   35.4411  -19.70  -18.52    0.18   21.21   20.98    0.17
GRLZ_CMM -116.5965   35.4531   -3.65   -4.46    0.25    2.43    2.47    0.25
BARR_CMM -120.5732   35.4557  -26.80  -26.31    0.15   31.97   32.02    0.15
GS16_CMM -117.7065   35.4703   -8.81   -8.33    0.24    9.89    9.85    0.23
MKIM_CMM -120.0599   35.4827  -21.05  -20.83    0.23   23.86   22.92    0.21
TWR2_CMM -120.0181   35.4877  -20.08  -19.02    0.14   22.00   21.74    0.13
GS02_CMM -118.1005   35.4945  -10.74   -9.69    0.18    9.91   10.13    0.18
NAPO_CMM -119.9593   35.5034  -16.16  -17.59    0.18   19.80   19.52    0.17
SANJ_CMM -120.2189   35.5085  -25.42  -22.88    0.13   25.37   26.15    0.13
PAOS_CMM -117.7064   35.5130   -8.14   -8.69    0.22    8.76    9.73    0.21
POSO_CMM -120.1127   35.5204  -21.04  -21.52    0.14   23.98   23.30    0.14
GS13_CMM -117.1488   35.5223   -6.31   -6.31    0.20    7.31    7.05    0.20
LEAC_CMM -116.8910   35.5348   -4.98   -5.16    0.21    5.03    5.22    0.21
ALMO_CMM -120.4531   35.5518  -24.85  -25.29    0.14   30.90   30.59    0.13
GS17_CMM -117.5568   35.5694   -9.06   -8.11    0.20    8.55    9.31    0.19
C616_CMM -120.0006   35.5745  -15.82  -16.33    0.19   17.91   18.59    0.18
L623_CMM -120.2925   35.5832  -24.51  -23.59    0.17   28.13   27.07    0.16
GS18_CMM -117.8703   35.5838  -10.20   -9.11    0.20    9.59    9.97    0.20
GS48_CMM -117.4589   35.5843   -8.19   -7.93    0.18    9.67    8.00    0.18
P807_CMM -119.8535   35.6035  -12.37  -13.57    0.14   14.44   15.24    0.13
REDH_CMM -120.2606   35.6050  -23.23  -22.63    0.13   26.11   25.79    0.13
MILX_CMM -120.0888   35.6059  -18.58  -17.86    0.13   19.18   19.95    0.13
INYO_CMM -117.8118   35.6474   -8.65   -9.36    0.20   10.22    9.57    0.20
GS19_CMM -117.7396   35.6597   -9.09   -8.51    0.19    9.62    9.53    0.19
BLAN_CMM -121.2845   35.6646  -29.30  -28.63    0.15   35.94   35.74    0.15
GS03_CMM -118.0354   35.6678   -9.69   -9.53    0.22    9.72    9.63    0.21
PPER_CMM -120.3816   35.6741  -23.66  -22.86    0.12   29.20   27.86    0.12
HTR1_CMM -120.1781   35.6860  -17.11  -17.50    0.15   20.56   20.31    0.15
WATH_CMM -120.2733   35.7083  -21.08  -19.59    0.14   24.95   23.51    0.14
GS26_CMM -117.5420   35.7401   -7.86   -7.57    0.18    7.01    8.00    0.18
0614_CMM -118.5877   35.7450  -10.70  -10.79    0.23    9.08    9.93    0.23
BENH_CMM -120.3513   35.7456  -21.44  -21.26    0.11   26.91   26.18    0.11
CBAR_CMM -120.2651   35.7563  -17.23  -17.34    0.13   20.55   21.09    0.12
WD42_CMM -120.4692   35.7633  -23.84  -23.48    0.10   30.01   28.97    0.10
GS20_CMM -117.4007   35.7685   -6.67   -6.58    0.19    6.48    6.11    0.19
W806_CMM -119.9831   35.7891  -10.92  -11.50    0.12   12.39   14.10    0.12
TRN1_CMM -117.3275   35.8127   -5.58   -6.43    0.19    4.92    5.76    0.19
0613_CMM -119.2590   35.8191  -11.98  -12.08    0.19   10.33   10.96    0.19
GS21_CMM -117.7474   35.8232   -7.81   -8.32    0.19    9.47    8.58    0.19
GO42_CMM -120.3502   35.8307  -14.40  -16.69    0.11   20.47   20.77    0.11
GS22_CMM -117.9695   35.8453   -8.84   -8.51    0.20    9.65    9.23    0.20
0508_CMM -120.7993   35.8548  -25.69  -25.57    0.13   33.18   32.70    0.13
0915_CMM -116.3003   35.8670   -3.86   -3.36    0.27    0.98    0.77    0.27
GS46_CMM -117.5921   35.8751   -7.95   -7.43    0.17    8.42    7.22    0.18
BONN_CMM -120.2638   35.8776  -13.54  -12.71    0.11   17.53   16.79    0.11
OQUI_CMM -120.4422   35.8850  -22.49  -19.51    0.12   28.57   24.76    0.12
BREK_CMM -120.4625   35.8877  -22.62  -20.77    0.13   29.22   26.40    0.13
CARG_CMM -120.4306   35.8881  -22.03  -18.31    0.12   27.71   23.32    0.12
TAR0_CMM -120.0470   35.8893   -9.03  -10.56    0.12   14.41   13.49    0.12
PK59_CMM -120.3061   35.8956  -12.39  -13.37    0.11   16.97   17.61    0.11
JOAQ_CMM -120.4352   35.9094  -13.76  -17.21    0.11   19.20   22.14    0.11
GS25_CMM -117.2891   35.9132   -6.16   -5.46    0.21    4.55    4.68    0.20
KNGR_CMM -120.3472   35.9137  -12.68  -13.22    0.11   18.11   16.81    0.11
JUBI_CMM -116.5276   35.9193   -3.00   -3.61    0.24    0.90    1.29    0.24
BUCK_CMM -120.5372   35.9250  -23.91  -23.04    0.13   31.42   29.26    0.13
GS24_CMM -117.4822   35.9250   -7.59   -6.85    0.19    5.10    6.41    0.19
33JD_CMM -120.4647   35.9429  -11.99  -14.18    0.11   18.52   18.74    0.12
TOSA_CMM -120.7076   35.9489  -24.79  -25.78    0.10   32.83   31.80    0.10
MIDE_CMM -120.4983   35.9496  -22.35  -17.60    0.12   24.36   23.48    0.12
JD84_CMM -120.5404   35.9566  -25.12  -22.16    0.13   31.81   28.43    0.13
MNMT_CMM -120.4349   35.9694  -10.96  -12.06    0.13   17.45   16.91    0.13
CHEC_CMM -120.5841   35.9704  -24.36  -20.70    0.09   31.68   26.73    0.09
0914_CMM -117.3287   35.9779   -5.10   -5.99    0.19    4.63    4.69    0.19
0509_CMM -121.4844   35.9922  -28.31  -28.73    0.22   34.89   34.72    0.22
GS45_CMM -117.5570   36.0022   -6.93   -7.38    0.18    6.34    6.17    0.18
KMED_CMM -118.1357   36.0233   -9.75   -8.78    0.20    8.75    8.66    0.20
BM25_CMM -117.9440   36.0446   -8.16   -7.81    0.19    9.47    7.84    0.19
GS27_CMM -117.4538   36.0529   -6.21   -6.41    0.19    5.06    5.26    0.19
FORK_CMM -117.8843   36.0625   -7.20   -8.18    0.21    7.54    8.35    0.21
GS43_CMM -117.5464   36.0668   -7.71   -7.07    0.19    7.05    5.53    0.19
MITH_CMM -120.5960   36.0789   -9.44  -14.62    0.09   14.09   18.51    0.09
GS42_CMM -117.6316   36.1069   -8.25   -8.02    0.20    5.61    5.07    0.20
6813_CMM -117.6752   36.1504   -8.60   -7.55    0.18    4.40    5.79    0.19
0611_CMM -118.7273   36.1847  -10.63   -9.53    0.22    9.61    9.07    0.22
GS04_CMM -117.9066   36.2035   -8.43   -7.69    0.19    6.32    7.06    0.18
DANT_CMM -116.7255   36.2263   -2.94   -3.45    0.20    1.22    1.54    0.20
T19S_CMM -117.5828   36.2317   -6.58   -6.84    0.19    5.72    4.45    0.19
L166_CMM -117.5499   36.2791   -6.72   -6.25    0.19    3.93    4.59    0.19
0609_CMM -119.2878   36.2893  -11.02  -10.86    0.24   10.53    9.08    0.25
PANA_CMM -117.1743   36.2941   -4.24   -4.42    0.18    2.68    3.28    0.18
0912_CMM -116.4165   36.3044   -2.71   -2.94    0.21    0.35    0.73    0.21
P166_CMM -117.6410   36.3069   -6.35   -6.81    0.18    4.49    4.76    0.18
HEPS_CMM -120.8247   36.3146   -9.05  -15.56    0.17   10.69   17.78    0.17
13DD_CMM -117.4242   36.3396   -5.97   -5.47    0.17    3.88    3.75    0.17
M137_CMM -117.2998   36.3490   -4.75   -5.07    0.18    3.71    3.26    0.18
AGUE_CMM -117.0526   36.3570   -3.37   -3.96    0.19    2.71    2.44    0.19
0911_CMM -117.2795   36.4016   -4.87   -4.67    0.18    2.92    3.17    0.18
CRVO_CMM -120.4808   36.4455   -8.85   -8.57    0.21   10.73   10.03    0.22
CHLN_CMM -121.1955   36.4476  -27.47  -26.69    0.20   32.87   32.30    0.21
LEY__CMM -120.8944   36.4530   -9.10  -11.99    0.20   10.69   13.43    0.21
CVM1_CMM -120.5799   36.4735   -9.14   -8.77    0.19    9.93   10.50    0.20
LEEF_CMM -117.6124   36.4972   -5.86   -5.60    0.18    3.71    3.69    0.18
GRIS_CMM -120.7290   36.5034   -9.33   -9.63    0.19    9.95   10.65    0.20
FLTS_CMM -117.5612   36.5187   -4.25   -5.54    0.20    2.26    3.39    0.20
JKAS_CMM -117.5403   36.5317   -5.34   -5.26    0.21    2.83    3.17    0.21
SMOK_CMM -121.0005   36.5373   -9.03  -13.25    0.17    9.05   14.95    0.17
G165_CMM -117.2118   36.5425   -3.96   -4.23    0.19    2.26    2.29    0.19
HNTR_CMM -117.4792   36.5724   -5.07   -4.97    0.20    2.88    3.00    0.20
STOV_CMM -117.1473   36.6064   -3.98   -3.82    0.21    1.77    1.86    0.21
TUM__CMM -120.6653   36.6111   -9.40   -7.93    0.20    9.01    9.73    0.21
HOLD_CMM -117.0273   36.6379   -3.42   -3.78    0.18    1.16    1.68    0.18
SODB_CMM -121.9255   37.1664  -21.60  -22.29    0.21   25.36   25.73    0.21
MUSB_CMM -119.3093   37.1699  -10.55   -9.00    0.45    7.78    8.13    0.46
PPT1_CMM -122.3900   37.1871  -28.56  -28.45    0.43   35.07   35.82    0.43
LUTZ_CMM -121.8652   37.2869  -19.92  -18.19    0.19   22.47   19.68    0.19
MHCB_CMM -121.6426   37.3415  -12.26  -17.08    0.35   10.35   17.60    0.35
SUAA_CMM -122.1733   37.4269  -22.09  -21.90    0.22   25.22   25.33    0.22
MONB_CMM -121.8669   37.4853  -15.83  -16.41    0.22   15.57   16.64    0.22
LINC_CMM -119.0173   37.6372   -8.30   -8.15    0.45    8.84    7.55    0.46
MWTP_CMM -118.9447   37.6405   -8.87   -7.27    0.53    7.08    7.36    0.52
WINT_CMM -122.1406   37.6526  -19.00  -18.03    0.33   21.31   20.16    0.33
MINS_CMM -119.0609   37.6538   -7.42   -8.82    0.51    7.74    8.10    0.53
WATC_CMM -118.6539   37.6643   -5.36   -7.48    0.22    5.85    7.22    0.23
S300_CMM -121.5583   37.6665  -11.32  -13.09    0.20    8.32   10.25    0.20
FARB_CMM -123.0008   37.6972  -27.78    0.00    0.00   36.84    0.00    0.00
CHAB_CMM -122.1193   37.7241  -15.90  -17.42    0.35   18.03   18.99    0.35
JNPR_CMM -119.0847   37.7717   -8.69   -7.50    0.20    8.55    7.08    0.21
PBL2_CMM -122.4194   37.8532  -18.60  -19.64    0.39   24.24   23.69    0.39
DIAB_CMM -121.9156   37.8786  -11.94  -13.74    0.32   10.66   12.69    0.32
TIBB_CMM -122.4476   37.8909  -19.69  -19.52    0.39   24.25   23.71    0.39
CNDR_CMM -121.2785   37.8964  -12.47  -11.18    0.24    7.39    8.35    0.24
BRIB_CMM -122.1526   37.9194  -14.70  -15.23    0.38   15.61   16.12    0.38
MOLA_CMM -122.4199   37.9466  -18.27  -18.87    0.41   22.75   22.46    0.41
PTRB_CMM -123.0187   37.9962  -26.00    0.00    0.00   35.31    0.00    0.00
OHLN_CMM -122.2730   38.0063  -15.62  -16.33    0.40   17.12   18.10    0.40
CMBB_CMM -120.3860   38.0342  -10.62  -10.64    0.74    7.86    6.85    0.74
POTB_CMM -121.9354   38.2026  -10.99  -12.71    0.36    7.98   11.16    0.36
UCD1_CMM -121.7512   38.5362  -10.84  -13.70    0.35    6.97   11.85    0.35
HOPB_CMM -123.0747   38.9952  -19.02    0.00    0.00   20.52    0.00    0.00
